1.000000 -0.000000 0.000000 0.000000 0.000000 1.000000 -0.000000 0.000000 0.000000 0.000000 1.000000 0.000000
0.999024 -0.044164 0.000000 0.035239 0.044164 0.999024 -0.000000 0.002096 0.000000 0.000000 1.000000 0.000000
0.996466 -0.083992 0.000000 0.099110 0.083992 0.996466 -0.000000 0.007385 0.000000 0.000000 1.000000 0.000000
0.983248 -0.182274 0.000000 0.121178 0.182274 0.983248 -0.000000 0.012373 0.000000 0.000000 1.000000 0.000000
0.923670 -0.383189 0.000000 0.128662 0.383189 0.923670 -0.000000 0.012502 0.000000 0.000000 1.000000 0.000000
0.804535 -0.593905 0.000000 0.136149 0.593905 0.804535 -0.000000 0.012120 0.000000 0.000000 1.000000 0.000000
0.596680 -0.802479 0.000000 0.157433 0.802479 0.596680 -0.000000 0.040344 0.000000 0.000000 1.000000 0.000000
0.423101 -0.906083 0.000000 0.242366 0.906083 0.423101 -0.000000 0.197332 0.000000 0.000000 1.000000 0.000000
0.417850 -0.908516 0.000000 0.337341 0.908516 0.417850 -0.000000 0.429170 0.000000 0.000000 1.000000 0.000000
0.480332 -0.877087 0.000000 0.411967 0.877087 0.480332 -0.000000 0.602139 0.000000 0.000000 1.000000 0.000000
0.702917 -0.711272 0.000000 0.418585 0.711272 0.702917 -0.000000 0.611581 0.000000 0.000000 1.000000 0.000000
0.889364 -0.457199 0.000000 0.428366 0.457199 0.889364 -0.000000 0.613069 0.000000 0.000000 1.000000 0.000000
0.982757 0.184903 0.000000 0.442786 -0.184903 0.982757 -0.000000 0.620425 -0.000000 0.000000 1.000000 0.000000
0.585342 0.810786 0.000000 0.443314 -0.810786 0.585342 -0.000000 0.622303 -0.000000 0.000000 1.000000 0.000000
0.149114 0.988820 0.000000 0.442953 -0.988820 0.149114 -0.000000 0.618810 -0.000000 0.000000 1.000000 0.000000
-0.591391 0.806385 0.000000 0.444648 -0.806385 -0.591391 0.000000 0.619956 0.000000 0.000000 1.000000 0.000000
-0.996985 0.077597 0.000000 0.444149 -0.077597 -0.996985 0.000000 0.619819 0.000000 0.000000 1.000000 0.000000
-0.664479 -0.747307 0.000000 0.394760 0.747307 -0.664479 0.000000 0.652778 0.000000 0.000000 1.000000 0.000000
0.238212 -0.971213 0.000000 0.361392 0.971213 0.238212 -0.000000 0.742474 0.000000 0.000000 1.000000 0.000000
0.936535 -0.350574 0.000000 0.436546 0.350574 0.936535 -0.000000 0.811095 0.000000 0.000000 1.000000 0.000000
0.982965 0.183795 0.000000 0.526501 -0.183795 0.982965 -0.000000 0.815905 -0.000000 0.000000 1.000000 0.000000
0.973850 0.227193 0.000000 0.549602 -0.227193 0.973850 -0.000000 0.813220 -0.000000 0.000000 1.000000 0.000000
0.996346 0.085410 0.000000 0.557840 -0.085410 0.996346 -0.000000 0.816263 -0.000000 0.000000 1.000000 0.000000
0.996804 0.079888 0.000000 0.559002 -0.079888 0.996804 -0.000000 0.812749 -0.000000 0.000000 1.000000 0.000000
0.999972 -0.007532 0.000000 0.599160 0.007532 0.999972 -0.000000 0.813334 0.000000 0.000000 1.000000 0.000000
0.908834 -0.417157 0.000000 0.718570 0.417157 0.908834 -0.000000 0.846678 0.000000 0.000000 1.000000 0.000000
0.700235 -0.713912 0.000000 0.874013 0.713912 0.700235 -0.000000 0.969308 0.000000 0.000000 1.000000 0.000000
0.617097 -0.786887 0.000000 1.028570 0.786887 0.617097 -0.000000 1.161615 0.000000 0.000000 1.000000 0.000000
0.560963 -0.827841 0.000000 1.126264 0.827841 0.560963 -0.000000 1.306947 0.000000 0.000000 1.000000 0.000000
0.513723 -0.857956 0.000000 1.175341 0.857956 0.513723 -0.000000 1.401252 0.000000 0.000000 1.000000 0.000000
0.572107 -0.820179 0.000000 1.202520 0.820179 0.572107 -0.000000 1.446235 0.000000 0.000000 1.000000 0.000000
0.813938 -0.580951 0.000000 1.209659 0.580951 0.813938 -0.000000 1.441437 0.000000 0.000000 1.000000 0.000000
0.967219 -0.253944 0.000000 1.202483 0.253944 0.967219 -0.000000 1.442185 0.000000 0.000000 1.000000 0.000000
0.999998 0.001842 0.000000 1.203331 -0.001842 0.999998 -0.000000 1.444129 -0.000000 0.000000 1.000000 0.000000
0.994502 0.104721 0.000000 1.198804 -0.104721 0.994502 -0.000000 1.447596 -0.000000 0.000000 1.000000 0.000000
0.994449 0.105220 0.000000 1.199722 -0.105220 0.994449 -0.000000 1.447919 -0.000000 0.000000 1.000000 0.000000
0.999675 -0.025481 0.000000 1.262214 0.025481 0.999675 -0.000000 1.446582 0.000000 0.000000 1.000000 0.000000
0.894345 -0.447377 0.000000 1.382257 0.447377 0.894345 -0.000000 1.486411 0.000000 0.000000 1.000000 0.000000
0.469935 -0.882701 0.000000 1.505289 0.882701 0.469935 -0.000000 1.590154 0.000000 0.000000 1.000000 0.000000
0.113892 -0.993493 0.000000 1.534306 0.993493 0.113892 -0.000000 1.794714 0.000000 0.000000 1.000000 0.000000
0.429161 -0.903228 0.000000 1.557065 0.903228 0.429161 -0.000000 1.889751 0.000000 0.000000 1.000000 0.000000
0.729036 -0.684475 0.000000 1.665219 0.684475 0.729036 -0.000000 2.017648 0.000000 0.000000 1.000000 0.000000
0.839051 -0.544053 0.000000 1.758531 0.544053 0.839051 -0.000000 2.100073 0.000000 0.000000 1.000000 0.000000
0.881351 -0.472462 0.000000 1.832973 0.472462 0.881351 -0.000000 2.144125 0.000000 0.000000 1.000000 0.000000
0.929148 -0.369708 0.000000 1.837424 0.369708 0.929148 -0.000000 2.151038 0.000000 0.000000 1.000000 0.000000
0.984165 -0.177252 0.000000 1.834186 0.177252 0.984165 -0.000000 2.144610 0.000000 0.000000 1.000000 0.000000
0.999274 0.038107 0.000000 1.835969 -0.038107 0.999274 -0.000000 2.145967 -0.000000 0.000000 1.000000 0.000000
0.998391 0.056703 0.000000 1.829761 -0.056703 0.998391 -0.000000 2.146889 -0.000000 0.000000 1.000000 0.000000
0.998364 0.057175 0.000000 1.829341 -0.057175 0.998364 -0.000000 2.146328 -0.000000 0.000000 1.000000 0.000000
0.997965 -0.063760 0.000000 1.823315 0.063760 0.997965 -0.000000 2.147973 0.000000 0.000000 1.000000 0.000000
0.923984 -0.382430 0.000000 1.833636 0.382430 0.923984 -0.000000 2.153332 0.000000 0.000000 1.000000 0.000000
0.650533 -0.759478 0.000000 1.894497 0.759478 0.650533 -0.000000 2.198639 0.000000 0.000000 1.000000 0.000000
0.154410 -0.988007 0.000000 1.956168 0.988007 0.154410 -0.000000 2.337781 0.000000 0.000000 1.000000 0.000000
-0.032012 -0.999487 0.000000 1.957845 0.999487 -0.032012 0.000000 2.531638 0.000000 0.000000 1.000000 0.000000
-0.133610 -0.991034 0.000000 1.928854 0.991034 -0.133610 0.000000 2.775982 0.000000 0.000000 1.000000 0.000000
-0.144032 -0.989573 0.000000 1.903065 0.989573 -0.144032 0.000000 2.935542 0.000000 0.000000 1.000000 0.000000
-0.113829 -0.993500 0.000000 1.886120 0.993500 -0.113829 0.000000 3.031797 0.000000 0.000000 1.000000 0.000000
-0.028457 -0.999595 0.000000 1.882931 0.999595 -0.028457 0.000000 3.061444 0.000000 0.000000 1.000000 0.000000
0.279891 -0.960032 0.000000 1.883958 0.960032 0.279891 -0.000000 3.059622 0.000000 0.000000 1.000000 0.000000
0.753681 -0.657240 0.000000 1.893957 0.657240 0.753681 -0.000000 3.051088 0.000000 0.000000 1.000000 0.000000
0.940311 -0.340317 0.000000 1.888044 0.340317 0.940311 -0.000000 3.046756 0.000000 0.000000 1.000000 0.000000
0.997418 -0.071812 0.000000 1.887178 0.071812 0.997418 -0.000000 3.045847 0.000000 0.000000 1.000000 0.000000
0.999841 -0.017844 0.000000 1.878462 0.017844 0.999841 -0.000000 3.043800 0.000000 0.000000 1.000000 0.000000
0.999187 0.040307 0.000000 1.880385 -0.040307 0.999187 -0.000000 3.044791 -0.000000 0.000000 1.000000 0.000000
0.930396 0.366556 0.000000 1.882427 -0.366556 0.930396 -0.000000 3.042088 -0.000000 0.000000 1.000000 0.000000
0.651736 0.758446 0.000000 1.879480 -0.758446 0.651736 -0.000000 3.044239 -0.000000 0.000000 1.000000 0.000000
0.345395 0.938458 0.000000 1.866183 -0.938458 0.345395 -0.000000 3.046551 -0.000000 0.000000 1.000000 0.000000
-0.019440 0.999811 -0.000000 1.861606 -0.999811 -0.019440 0.000000 3.046711 -0.000000 0.000000 1.000000 0.000000
-0.449386 0.893338 -0.000000 1.854201 -0.893338 -0.449386 0.000000 3.037663 -0.000000 0.000000 1.000000 0.000000
-0.963833 0.266507 0.000000 1.854419 -0.266507 -0.963833 0.000000 3.051231 0.000000 0.000000 1.000000 0.000000
-0.831407 -0.555663 0.000000 1.817443 0.555663 -0.831407 0.000000 3.073887 0.000000 0.000000 1.000000 0.000000
-0.101335 -0.994852 0.000000 1.763931 0.994852 -0.101335 0.000000 3.186644 0.000000 0.000000 1.000000 0.000000
0.269250 -0.963070 0.000000 1.788785 0.963070 0.269250 -0.000000 3.387332 0.000000 0.000000 1.000000 0.000000
0.407891 -0.913031 0.000000 1.865124 0.913031 0.407891 -0.000000 3.609269 0.000000 0.000000 1.000000 0.000000
0.424025 -0.905651 0.000000 1.943521 0.905651 0.424025 -0.000000 3.782547 0.000000 0.000000 1.000000 0.000000
0.330798 -0.943702 0.000000 1.988552 0.943702 0.330798 -0.000000 3.906287 0.000000 0.000000 1.000000 0.000000
0.350932 -0.936401 0.000000 1.999920 0.936401 0.350932 -0.000000 3.955376 0.000000 0.000000 1.000000 0.000000
0.620819 -0.783954 0.000000 2.005793 0.783954 0.620819 -0.000000 3.955135 0.000000 0.000000 1.000000 0.000000
0.879320 -0.476231 0.000000 2.008810 0.476231 0.879320 -0.000000 3.953233 0.000000 0.000000 1.000000 0.000000
0.970275 -0.242007 0.000000 2.004565 0.242007 0.970275 -0.000000 3.952772 0.000000 0.000000 1.000000 0.000000
0.996095 -0.088291 0.000000 2.000035 0.088291 0.996095 -0.000000 3.953819 0.000000 0.000000 1.000000 0.000000
0.996074 -0.088522 0.000000 1.999744 0.088522 0.996074 -0.000000 3.952899 0.000000 0.000000 1.000000 0.000000
0.985791 -0.167974 0.000000 1.995031 0.167974 0.985791 -0.000000 3.952705 0.000000 0.000000 1.000000 0.000000
0.895987 -0.444080 0.000000 1.994535 0.444080 0.895987 -0.000000 3.954995 0.000000 0.000000 1.000000 0.000000
0.597692 -0.801726 0.000000 2.033500 0.801726 0.597692 -0.000000 3.991424 0.000000 0.000000 1.000000 0.000000
0.182964 -0.983120 0.000000 2.079036 0.983120 0.182964 -0.000000 4.110271 0.000000 0.000000 1.000000 0.000000
0.032335 -0.999477 0.000000 2.085997 0.999477 0.032335 -0.000000 4.333162 0.000000 0.000000 1.000000 0.000000
-0.037043 -0.999314 0.000000 2.075834 0.999314 -0.037043 0.000000 4.583636 0.000000 0.000000 1.000000 0.000000
-0.065216 -0.997871 0.000000 2.059410 0.997871 -0.065216 0.000000 4.749682 0.000000 0.000000 1.000000 0.000000
-0.075542 -0.997143 0.000000 2.048016 0.997143 -0.075542 0.000000 4.842457 0.000000 0.000000 1.000000 0.000000
0.023203 -0.999731 0.000000 2.042333 0.999731 0.023203 -0.000000 4.873220 0.000000 0.000000 1.000000 0.000000
0.408159 -0.912911 0.000000 2.039605 0.912911 0.408159 -0.000000 4.874933 0.000000 0.000000 1.000000 0.000000
0.788581 -0.614931 0.000000 2.045448 0.614931 0.788581 -0.000000 4.868530 0.000000 0.000000 1.000000 0.000000
0.922948 -0.384924 0.000000 2.044654 0.384924 0.922948 -0.000000 4.867035 0.000000 0.000000 1.000000 0.000000
0.984735 -0.174060 0.000000 2.036510 0.174060 0.984735 -0.000000 4.865535 0.000000 0.000000 1.000000 0.000000
0.999473 -0.032475 0.000000 2.040445 0.032475 0.999473 -0.000000 4.872220 0.000000 0.000000 1.000000 0.000000
0.959174 0.282816 0.000000 2.038142 -0.282816 0.959174 -0.000000 4.876904 -0.000000 0.000000 1.000000 0.000000
0.679026 0.734115 0.000000 2.038323 -0.734115 0.679026 -0.000000 4.878838 -0.000000 0.000000 1.000000 0.000000
0.159701 0.987165 0.000000 2.028294 -0.987165 0.159701 -0.000000 4.875916 -0.000000 0.000000 1.000000 0.000000
-0.215393 0.976528 -0.000000 2.025192 -0.976528 -0.215393 0.000000 4.873868 -0.000000 0.000000 1.000000 0.000000
-0.557718 0.830031 0.000000 2.025851 -0.830031 -0.557718 0.000000 4.880603 0.000000 0.000000 1.000000 0.000000
-0.915986 0.401210 0.000000 2.012846 -0.401210 -0.915986 0.000000 4.875367 0.000000 0.000000 1.000000 0.000000
-0.883540 -0.468356 0.000000 1.933102 0.468356 -0.883540 0.000000 4.872624 0.000000 0.000000 1.000000 0.000000
-0.176097 -0.984373 0.000000 1.845250 0.984373 -0.176097 0.000000 5.010832 0.000000 0.000000 1.000000 0.000000
0.249625 -0.968343 0.000000 1.866312 0.968343 0.249625 -0.000000 5.251621 0.000000 0.000000 1.000000 0.000000
0.328095 -0.944645 0.000000 1.936609 0.944645 0.328095 -0.000000 5.523654 0.000000 0.000000 1.000000 0.000000
0.410902 -0.911680 0.000000 1.996389 0.911680 0.410902 -0.000000 5.684327 0.000000 0.000000 1.000000 0.000000
0.554290 -0.832323 0.000000 2.042616 0.832323 0.554290 -0.000000 5.788714 0.000000 0.000000 1.000000 0.000000
0.738742 -0.673988 0.000000 2.046103 0.673988 0.738742 -0.000000 5.787295 0.000000 0.000000 1.000000 0.000000
0.833274 -0.552860 0.000000 2.050518 0.552860 0.833274 -0.000000 5.790092 0.000000 0.000000 1.000000 0.000000
0.935340 -0.353749 0.000000 2.049609 0.353749 0.935340 -0.000000 5.786427 0.000000 0.000000 1.000000 0.000000
0.996505 -0.083530 0.000000 2.049891 0.083530 0.996505 -0.000000 5.788981 0.000000 0.000000 1.000000 0.000000
0.907221 0.420654 0.000000 2.052735 -0.420654 0.907221 -0.000000 5.787469 -0.000000 0.000000 1.000000 0.000000
0.539293 0.842118 0.000000 2.048826 -0.842118 0.539293 -0.000000 5.781625 -0.000000 0.000000 1.000000 0.000000
0.211562 0.977365 0.000000 2.042841 -0.977365 0.211562 -0.000000 5.783099 -0.000000 0.000000 1.000000 0.000000
-0.390333 0.920674 -0.000000 2.041106 -0.920674 -0.390333 0.000000 5.784595 -0.000000 0.000000 1.000000 0.000000
-0.938591 0.345032 0.000000 2.043856 -0.345032 -0.938591 0.000000 5.783234 0.000000 0.000000 1.000000 0.000000
-0.886701 -0.462343 0.000000 2.041412 0.462343 -0.886701 0.000000 5.795714 0.000000 0.000000 1.000000 0.000000
-0.228977 -0.973432 0.000000 2.053532 0.973432 -0.228977 0.000000 5.806799 0.000000 0.000000 1.000000 0.000000
0.607111 -0.794617 0.000000 2.055358 0.794617 0.607111 -0.000000 5.795411 0.000000 0.000000 1.000000 0.000000
0.905718 -0.423880 0.000000 2.054717 0.423880 0.905718 -0.000000 5.784926 0.000000 0.000000 1.000000 0.000000
0.999660 0.026083 0.000000 2.055547 -0.026083 0.999660 -0.000000 5.785455 -0.000000 0.000000 1.000000 0.000000
0.703752 0.710445 0.000000 2.054114 -0.710445 0.703752 -0.000000 5.781189 -0.000000 0.000000 1.000000 0.000000
0.240899 0.970550 0.000000 2.039504 -0.970550 0.240899 -0.000000 5.774213 -0.000000 0.000000 1.000000 0.000000
-0.508861 0.860848 0.000000 2.035448 -0.860848 -0.508861 0.000000 5.781895 0.000000 0.000000 1.000000 0.000000
-0.993556 0.113340 0.000000 2.028424 -0.113340 -0.993556 0.000000 5.791389 0.000000 0.000000 1.000000 0.000000
-0.874024 -0.485883 0.000000 2.052580 0.485883 -0.874024 0.000000 5.803214 0.000000 0.000000 1.000000 0.000000
-0.986528 0.163590 0.000000 2.056720 -0.163590 -0.986528 0.000000 5.793175 0.000000 0.000000 1.000000 0.000000
-0.613825 0.789442 0.000000 2.047484 -0.789442 -0.613825 0.000000 5.793405 0.000000 0.000000 1.000000 0.000000
0.115200 0.993342 0.000000 2.047473 -0.993342 0.115200 -0.000000 5.784379 -0.000000 0.000000 1.000000 0.000000
0.807084 0.590436 0.000000 2.036761 -0.590436 0.807084 -0.000000 5.777522 -0.000000 0.000000 1.000000 0.000000
0.975697 -0.219124 0.000000 2.038408 0.219124 0.975697 -0.000000 5.779731 0.000000 0.000000 1.000000 0.000000
0.454991 -0.890496 0.000000 2.047856 0.890496 0.454991 -0.000000 5.777877 0.000000 0.000000 1.000000 0.000000
-0.439485 -0.898250 0.000000 2.049610 0.898250 -0.439485 0.000000 5.783718 0.000000 0.000000 1.000000 0.000000
-0.973907 -0.226947 0.000000 2.048902 0.226947 -0.973907 0.000000 5.798634 0.000000 0.000000 1.000000 0.000000
-0.924144 -0.382045 0.000000 2.022608 0.382045 -0.924144 0.000000 5.795507 0.000000 0.000000 1.000000 0.000000
-0.630577 -0.776127 0.000000 2.032397 0.776127 -0.630577 0.000000 5.801063 0.000000 0.000000 1.000000 0.000000
-0.298191 -0.954506 0.000000 2.035691 0.954506 -0.298191 0.000000 5.795681 0.000000 0.000000 1.000000 0.000000
0.127205 -0.991876 0.000000 2.037455 0.991876 0.127205 -0.000000 5.819837 0.000000 0.000000 1.000000 0.000000
0.670387 -0.742012 0.000000 2.039308 0.742012 0.670387 -0.000000 5.817230 0.000000 0.000000 1.000000 0.000000
0.869136 -0.494573 0.000000 2.044060 0.494573 0.869136 -0.000000 5.810336 0.000000 0.000000 1.000000 0.000000
0.966430 -0.256929 0.000000 2.045861 0.256929 0.966430 -0.000000 5.805245 0.000000 0.000000 1.000000 0.000000
0.971370 -0.237572 0.000000 2.046890 0.237572 0.971370 -0.000000 5.806492 0.000000 0.000000 1.000000 0.000000
0.996108 0.088137 0.000000 2.046957 -0.088137 0.996108 -0.000000 5.810187 -0.000000 0.000000 1.000000 0.000000
0.765501 0.643435 0.000000 2.045053 -0.643435 0.765501 -0.000000 5.809333 -0.000000 0.000000 1.000000 0.000000
0.119067 0.992886 0.000000 2.053681 -0.992886 0.119067 -0.000000 5.756094 -0.000000 0.000000 1.000000 0.000000
-0.450577 0.892738 -0.000000 2.048869 -0.892738 -0.450577 0.000000 5.683008 -0.000000 0.000000 1.000000 0.000000
-0.827067 0.562103 0.000000 1.994206 -0.562103 -0.827067 0.000000 5.637172 0.000000 0.000000 1.000000 0.000000
-0.997751 -0.067034 0.000000 1.860006 0.067034 -0.997751 0.000000 5.605395 0.000000 0.000000 1.000000 0.000000
-0.945912 -0.324423 0.000000 1.610517 0.324423 -0.945912 0.000000 5.649563 0.000000 0.000000 1.000000 0.000000
-0.924437 -0.381336 0.000000 1.330025 0.381336 -0.924437 0.000000 5.746539 0.000000 0.000000 1.000000 0.000000
-0.909101 -0.416576 0.000000 1.141867 0.416576 -0.909101 0.000000 5.820298 0.000000 0.000000 1.000000 0.000000
-0.893401 -0.449261 0.000000 1.033225 0.449261 -0.893401 0.000000 5.869068 0.000000 0.000000 1.000000 0.000000
-0.861156 -0.508340 0.000000 0.985190 0.508340 -0.861156 0.000000 5.892003 0.000000 0.000000 1.000000 0.000000
-0.617860 -0.786288 0.000000 0.992496 0.786288 -0.617860 0.000000 5.894883 0.000000 0.000000 1.000000 0.000000
-0.029750 -0.999557 0.000000 0.996091 0.999557 -0.029750 0.000000 5.896343 0.000000 0.000000 1.000000 0.000000
0.548577 -0.836100 0.000000 0.994641 0.836100 0.548577 -0.000000 5.882427 0.000000 0.000000 1.000000 0.000000
0.777616 -0.628739 0.000000 0.994362 0.628739 0.777616 -0.000000 5.877644 0.000000 0.000000 1.000000 0.000000
0.892496 -0.451055 0.000000 0.988759 0.451055 0.892496 -0.000000 5.872586 0.000000 0.000000 1.000000 0.000000
0.968654 -0.248416 0.000000 0.992322 0.248416 0.968654 -0.000000 5.868992 0.000000 0.000000 1.000000 0.000000
0.995588 0.093829 0.000000 0.993218 -0.093829 0.995588 -0.000000 5.868585 -0.000000 0.000000 1.000000 0.000000
0.931802 0.362966 0.000000 0.986991 -0.362966 0.931802 -0.000000 5.870221 -0.000000 0.000000 1.000000 0.000000
0.697142 0.716933 0.000000 0.980431 -0.716933 0.697142 -0.000000 5.865395 -0.000000 0.000000 1.000000 0.000000
-0.007752 0.999970 -0.000000 1.001806 -0.999970 -0.007752 0.000000 5.798683 -0.000000 0.000000 1.000000 0.000000
-0.761887 0.647710 0.000000 0.948031 -0.647710 -0.761887 0.000000 5.683597 0.000000 0.000000 1.000000 0.000000
-0.999295 0.037557 0.000000 0.731826 -0.037557 -0.999295 0.000000 5.607751 0.000000 0.000000 1.000000 0.000000
-0.985679 -0.168635 0.000000 0.651982 0.168635 -0.985679 0.000000 5.607728 0.000000 0.000000 1.000000 0.000000
-0.872217 -0.489119 0.000000 0.638315 0.489119 -0.872217 0.000000 5.611701 0.000000 0.000000 1.000000 0.000000
-0.779558 -0.626330 0.000000 0.669403 0.626330 -0.779558 0.000000 5.594578 0.000000 0.000000 1.000000 0.000000
-0.654642 -0.755939 0.000000 0.685588 0.755939 -0.654642 0.000000 5.578942 0.000000 0.000000 1.000000 0.000000
-0.627115 -0.778926 0.000000 0.715020 0.778926 -0.627115 0.000000 5.545300 0.000000 0.000000 1.000000 0.000000
-0.736757 -0.676158 0.000000 0.719390 0.676158 -0.736757 0.000000 5.541788 0.000000 0.000000 1.000000 0.000000
-0.864284 -0.503005 0.000000 0.718161 0.503005 -0.864284 0.000000 5.542490 0.000000 0.000000 1.000000 0.000000
-0.857426 -0.514607 0.000000 0.730320 0.514607 -0.857426 0.000000 5.541971 0.000000 0.000000 1.000000 0.000000
-0.818516 -0.574483 0.000000 0.740901 0.574483 -0.818516 0.000000 5.542737 0.000000 0.000000 1.000000 0.000000
-0.758474 -0.651703 0.000000 0.759169 0.651703 -0.758474 0.000000 5.541050 0.000000 0.000000 1.000000 0.000000
-0.696530 -0.717528 0.000000 0.775523 0.717528 -0.696530 0.000000 5.543788 0.000000 0.000000 1.000000 0.000000
-0.683063 -0.730359 0.000000 0.781056 0.730359 -0.683063 0.000000 5.542626 0.000000 0.000000 1.000000 0.000000
