0.999999 -0.001156 0.000000 0.000000 0.001156 0.999999 -0.000000 0.000000 0.000000 0.000000 1.000000 0.000000
1.000000 -0.000906 0.000000 0.001233 0.000906 1.000000 -0.000000 -0.000395 0.000000 0.000000 1.000000 0.000000
0.999891 -0.014789 0.000000 0.020338 0.014789 0.999891 -0.000000 0.001965 0.000000 0.000000 1.000000 0.000000
0.999976 -0.006972 0.000000 0.101826 0.006972 0.999976 -0.000000 0.004230 0.000000 0.000000 1.000000 0.000000
0.996253 0.086492 0.000000 0.240398 -0.086492 0.996253 -0.000000 0.004833 -0.000000 0.000000 1.000000 0.000000
0.985252 0.171111 0.000000 0.326364 -0.171111 0.985252 -0.000000 -0.006411 -0.000000 0.000000 1.000000 0.000000
0.989553 0.144169 0.000000 0.491514 -0.144169 0.989553 -0.000000 -0.027167 -0.000000 0.000000 1.000000 0.000000
0.999987 -0.005097 0.000000 0.702943 0.005097 0.999987 -0.000000 -0.038978 0.000000 0.000000 1.000000 0.000000
0.987836 -0.155497 0.000000 0.839563 0.155497 0.987836 -0.000000 -0.020394 0.000000 0.000000 1.000000 0.000000
0.996904 -0.078631 0.000000 0.937189 0.078631 0.996904 -0.000000 -0.001418 0.000000 0.000000 1.000000 0.000000
0.999459 -0.032876 0.000000 0.948409 0.032876 0.999459 -0.000000 0.000196 0.000000 0.000000 1.000000 0.000000
1.000000 -0.000656 0.000000 1.012840 0.000656 1.000000 0.000000 0.003739 -0.000000 0.000000 1.000000 0.000000
0.997811 -0.066133 0.000000 1.161131 0.066133 0.997811 -0.000000 0.015714 0.000000 0.000000 1.000000 0.000000
0.996906 -0.078601 0.000000 1.358329 0.078601 0.996906 -0.000000 0.034027 0.000000 0.000000 1.000000 0.000000
0.999361 -0.035731 0.000000 1.575719 0.035731 0.999361 -0.000000 0.055485 0.000000 0.000000 1.000000 0.000000
0.999714 -0.023935 0.000000 1.715661 0.023935 0.999714 -0.000000 0.070149 0.000000 0.000000 1.000000 0.000000
0.999941 0.010823 0.000000 1.806255 -0.010823 0.999941 -0.000000 0.067968 -0.000000 0.000000 1.000000 0.000000
0.999927 0.012046 0.000000 1.847443 -0.012046 0.999927 -0.000000 0.070366 -0.000000 0.000000 1.000000 0.000000
0.999548 0.030048 0.000000 1.882240 -0.030048 0.999548 -0.000000 0.072898 -0.000000 0.000000 1.000000 0.000000
0.999496 0.031754 0.000000 1.986672 -0.031754 0.999496 -0.000000 0.071030 -0.000000 0.000000 1.000000 0.000000
0.991413 0.130770 0.000000 2.086470 -0.130770 0.991413 -0.000000 0.063995 -0.000000 0.000000 1.000000 0.000000
0.978662 0.205478 0.000000 2.149447 -0.205478 0.978662 -0.000000 0.060558 -0.000000 0.000000 1.000000 0.000000
0.988393 0.151921 0.000000 2.152514 -0.151921 0.988393 -0.000000 0.057915 -0.000000 0.000000 1.000000 0.000000
0.999215 0.039606 0.000000 2.166955 -0.039606 0.999215 -0.000000 0.053300 -0.000000 0.000000 1.000000 0.000000
0.985557 0.169343 0.000000 2.166480 -0.169343 0.985557 -0.000000 0.057953 -0.000000 0.000000 1.000000 0.000000
0.897976 0.440046 0.000000 2.215064 -0.440046 0.897976 -0.000000 0.046893 -0.000000 0.000000 1.000000 0.000000
0.591756 0.806117 0.000000 2.310373 -0.806117 0.591756 -0.000000 -0.031911 -0.000000 0.000000 1.000000 0.000000
0.286437 0.958099 0.000000 2.358336 -0.958099 0.286437 -0.000000 -0.142369 -0.000000 0.000000 1.000000 0.000000
0.042556 0.999094 0.000000 2.388854 -0.999094 0.042556 -0.000000 -0.288884 -0.000000 0.000000 1.000000 0.000000
-0.068293 0.997665 -0.000000 2.391189 -0.997665 -0.068293 0.000000 -0.380134 -0.000000 0.000000 1.000000 0.000000
-0.079942 0.996800 -0.000000 2.382530 -0.996800 -0.079942 0.000000 -0.567642 -0.000000 0.000000 1.000000 0.000000
-0.054771 0.998499 -0.000000 2.376139 -0.998499 -0.054771 0.000000 -0.795543 -0.000000 0.000000 1.000000 0.000000
-0.021849 0.999761 -0.000000 2.375433 -0.999761 -0.021849 0.000000 -0.961350 -0.000000 0.000000 1.000000 0.000000
0.020867 0.999782 0.000000 2.376879 -0.999782 0.020867 -0.000000 -1.069252 -0.000000 0.000000 1.000000 0.000000
0.088657 0.996062 0.000000 2.382623 -0.996062 0.088657 -0.000000 -1.081258 -0.000000 0.000000 1.000000 0.000000
0.403170 0.915125 0.000000 2.380056 -0.915125 0.403170 -0.000000 -1.082955 -0.000000 0.000000 1.000000 0.000000
0.536408 0.843959 0.000000 2.407113 -0.843959 0.536408 -0.000000 -1.114314 -0.000000 0.000000 1.000000 0.000000
0.227457 0.973788 0.000000 2.456620 -0.973788 0.227457 -0.000000 -1.226739 -0.000000 0.000000 1.000000 0.000000
0.034333 0.999410 0.000000 2.489671 -0.999410 0.034333 -0.000000 -1.434677 -0.000000 0.000000 1.000000 0.000000
-0.034664 0.999399 -0.000000 2.496881 -0.999399 -0.034664 0.000000 -1.656217 -0.000000 0.000000 1.000000 0.000000
-0.164401 0.986394 -0.000000 2.487798 -0.986394 -0.164401 0.000000 -1.901824 -0.000000 0.000000 1.000000 0.000000
-0.288238 0.957559 -0.000000 2.488988 -0.957559 -0.288238 0.000000 -1.920374 -0.000000 0.000000 1.000000 0.000000
-0.542324 0.840170 0.000000 2.485626 -0.840170 -0.542324 0.000000 -1.918563 0.000000 0.000000 1.000000 0.000000
-0.722008 0.691885 0.000000 2.482760 -0.691885 -0.722008 0.000000 -1.920596 0.000000 0.000000 1.000000 0.000000
-0.875011 0.484104 0.000000 2.484863 -0.484104 -0.875011 0.000000 -1.917842 0.000000 0.000000 1.000000 0.000000
-0.981821 0.189808 0.000000 2.484722 -0.189808 -0.981821 0.000000 -1.910935 0.000000 0.000000 1.000000 0.000000
-0.971938 -0.235236 0.000000 2.483123 0.235236 -0.971938 0.000000 -1.909099 0.000000 0.000000 1.000000 0.000000
-0.670405 -0.741996 0.000000 2.489769 0.741996 -0.670405 0.000000 -1.920570 0.000000 0.000000 1.000000 0.000000
-0.304740 -0.952436 0.000000 2.490144 0.952436 -0.304740 0.000000 -1.929129 0.000000 0.000000 1.000000 0.000000
0.222556 -0.974920 0.000000 2.492517 0.974920 0.222556 -0.000000 -1.933208 0.000000 0.000000 1.000000 0.000000
0.842227 -0.539123 0.000000 2.504934 0.539123 0.842227 -0.000000 -1.939482 0.000000 0.000000 1.000000 0.000000
0.963581 0.267416 0.000000 2.499379 -0.267416 0.963581 -0.000000 -1.923248 -0.000000 0.000000 1.000000 0.000000
0.420516 0.907285 0.000000 2.487732 -0.907285 0.420516 -0.000000 -1.925467 -0.000000 0.000000 1.000000 0.000000
-0.282315 0.959322 -0.000000 2.478689 -0.959322 -0.282315 0.000000 -1.926807 -0.000000 0.000000 1.000000 0.000000
-0.783713 0.621123 0.000000 2.445613 -0.621123 -0.783713 0.000000 -1.961203 0.000000 0.000000 1.000000 0.000000
-0.982261 0.187518 0.000000 2.255844 -0.187518 -0.982261 0.000000 -2.045775 0.000000 0.000000 1.000000 0.000000
-0.996323 -0.085679 0.000000 1.979019 0.085679 -0.996323 0.000000 -2.061833 0.000000 0.000000 1.000000 0.000000
-0.986646 -0.162879 0.000000 1.720786 0.162879 -0.986646 0.000000 -2.038110 0.000000 0.000000 1.000000 0.000000
-0.980576 -0.196141 0.000000 1.559781 0.196141 -0.980576 0.000000 -2.014731 0.000000 0.000000 1.000000 0.000000
-0.983837 -0.179067 0.000000 1.459689 0.179067 -0.983837 0.000000 -2.002806 0.000000 0.000000 1.000000 0.000000
-0.791791 -0.610792 0.000000 1.419987 0.610792 -0.791791 0.000000 -1.987078 0.000000 0.000000 1.000000 0.000000
-0.078769 -0.996893 0.000000 1.410998 0.996893 -0.078769 0.000000 -1.971941 0.000000 0.000000 1.000000 0.000000
0.687730 -0.725966 0.000000 1.414282 0.725966 0.687730 -0.000000 -1.965036 0.000000 0.000000 1.000000 0.000000
0.951853 -0.306554 0.000000 1.426533 0.306554 0.951853 -0.000000 -1.963686 0.000000 0.000000 1.000000 0.000000
0.985383 0.170351 0.000000 1.435600 -0.170351 0.985383 -0.000000 -1.955979 -0.000000 0.000000 1.000000 0.000000
0.501438 0.865194 0.000000 1.453138 -0.865194 0.501438 -0.000000 -1.993609 -0.000000 0.000000 1.000000 0.000000
-0.354209 0.935166 -0.000000 1.457979 -0.935166 -0.354209 0.000000 -2.075413 -0.000000 0.000000 1.000000 0.000000
-0.953918 0.300068 0.000000 1.345256 -0.300068 -0.953918 0.000000 -2.166576 0.000000 0.000000 1.000000 0.000000
-0.992320 -0.123695 0.000000 1.063466 0.123695 -0.992320 0.000000 -2.186741 0.000000 0.000000 1.000000 0.000000
-0.971447 -0.237258 0.000000 0.724198 0.237258 -0.971447 0.000000 -2.133438 0.000000 0.000000 1.000000 0.000000
-0.968318 -0.249721 0.000000 0.425714 0.249721 -0.968318 0.000000 -2.070049 0.000000 0.000000 1.000000 0.000000
-0.981950 -0.189142 0.000000 0.242665 0.189142 -0.981950 0.000000 -2.035434 0.000000 0.000000 1.000000 0.000000
-0.997439 -0.071528 0.000000 0.132849 0.071528 -0.997439 0.000000 -2.024850 0.000000 0.000000 1.000000 0.000000
-0.949170 -0.314764 0.000000 0.068038 0.314764 -0.949170 0.000000 -2.026338 0.000000 0.000000 1.000000 0.000000
-0.407189 -0.913344 0.000000 0.060622 0.913344 -0.407189 0.000000 -2.013803 0.000000 0.000000 1.000000 0.000000
0.427973 -0.903791 0.000000 0.059265 0.903791 0.427973 -0.000000 -2.003929 0.000000 0.000000 1.000000 0.000000
0.919498 -0.393094 0.000000 0.070114 0.393094 0.919498 -0.000000 -1.986687 0.000000 0.000000 1.000000 0.000000
0.962746 0.270408 0.000000 0.081874 -0.270408 0.962746 -0.000000 -1.983308 -0.000000 0.000000 1.000000 0.000000
0.515726 0.856754 0.000000 0.077977 -0.856754 0.515726 -0.000000 -2.000365 -0.000000 0.000000 1.000000 0.000000
-0.152937 0.988236 -0.000000 0.082513 -0.988236 -0.152937 0.000000 -2.013684 -0.000000 0.000000 1.000000 0.000000
-0.757677 0.652629 0.000000 0.055846 -0.652629 -0.757677 0.000000 -2.058412 0.000000 0.000000 1.000000 0.000000
-0.576407 0.817163 0.000000 0.054503 -0.817163 -0.576407 0.000000 -2.058517 0.000000 0.000000 1.000000 0.000000
-0.126686 0.991943 -0.000000 0.052604 -0.991943 -0.126686 0.000000 -2.056889 -0.000000 0.000000 1.000000 0.000000
0.498350 0.866976 0.000000 0.048724 -0.866976 0.498350 -0.000000 -2.060477 -0.000000 0.000000 1.000000 0.000000
0.883741 0.467975 0.000000 0.051530 -0.467975 0.883741 -0.000000 -2.068434 -0.000000 0.000000 1.000000 0.000000
0.981773 0.190058 0.000000 0.051029 -0.190058 0.981773 -0.000000 -2.066179 -0.000000 0.000000 1.000000 0.000000
0.999333 0.036509 0.000000 0.050809 -0.036509 0.999333 -0.000000 -2.067067 -0.000000 0.000000 1.000000 0.000000
0.994327 0.106364 0.000000 0.051045 -0.106364 0.994327 -0.000000 -2.065027 -0.000000 0.000000 1.000000 0.000000
0.922611 0.385731 0.000000 0.046678 -0.385731 0.922611 -0.000000 -2.065217 -0.000000 0.000000 1.000000 0.000000
0.618116 0.786087 0.000000 0.048664 -0.786087 0.618116 -0.000000 -2.067673 -0.000000 0.000000 1.000000 0.000000
0.022254 0.999752 0.000000 0.047756 -0.999752 0.022254 -0.000000 -2.068596 -0.000000 0.000000 1.000000 0.000000
-0.676139 0.736774 0.000000 0.040766 -0.736774 -0.676139 0.000000 -2.076311 0.000000 0.000000 1.000000 0.000000
-0.999509 0.031340 0.000000 -0.024423 -0.031340 -0.999509 0.000000 -2.107626 0.000000 0.000000 1.000000 0.000000
-0.700927 -0.713233 0.000000 -0.101319 0.713233 -0.700927 0.000000 -2.076884 0.000000 0.000000 1.000000 0.000000
-0.101560 -0.994829 0.000000 -0.157384 0.994829 -0.101560 0.000000 -1.920076 0.000000 0.000000 1.000000 0.000000
0.091112 -0.995841 0.000000 -0.161249 0.995841 0.091112 -0.000000 -1.653993 0.000000 0.000000 1.000000 0.000000
0.221702 -0.975114 0.000000 -0.136187 0.975114 0.221702 -0.000000 -1.403462 0.000000 0.000000 1.000000 0.000000
0.272681 -0.962104 0.000000 -0.099032 0.962104 0.272681 -0.000000 -1.258039 0.000000 0.000000 1.000000 0.000000
0.436275 -0.899814 0.000000 -0.081089 0.899814 0.436275 -0.000000 -1.193013 0.000000 0.000000 1.000000 0.000000
0.738413 -0.674349 0.000000 -0.078195 0.674349 0.738413 -0.000000 -1.180283 0.000000 0.000000 1.000000 0.000000
0.939263 -0.343199 0.000000 -0.064322 0.343199 0.939263 -0.000000 -1.167462 0.000000 0.000000 1.000000 0.000000
0.953781 0.300503 0.000000 -0.043508 -0.300503 0.953781 -0.000000 -1.159959 -0.000000 0.000000 1.000000 0.000000
0.572055 0.820215 0.000000 -0.051084 -0.820215 0.572055 -0.000000 -1.166920 -0.000000 0.000000 1.000000 0.000000
0.318178 0.948031 0.000000 -0.020156 -0.948031 0.318178 -0.000000 -1.211799 -0.000000 0.000000 1.000000 0.000000
-0.255703 0.966755 -0.000000 -0.012556 -0.966755 -0.255703 0.000000 -1.230408 -0.000000 0.000000 1.000000 0.000000
-0.890679 0.454632 0.000000 -0.025350 -0.454632 -0.890679 0.000000 -1.237868 0.000000 0.000000 1.000000 0.000000
-0.925510 -0.378724 0.000000 -0.039341 0.378724 -0.925510 0.000000 -1.236596 0.000000 0.000000 1.000000 0.000000
-0.338008 -0.941143 0.000000 -0.040181 0.941143 -0.338008 0.000000 -1.227036 0.000000 0.000000 1.000000 0.000000
0.291637 -0.956529 0.000000 -0.039711 0.956529 0.291637 -0.000000 -1.219084 0.000000 0.000000 1.000000 0.000000
0.803116 -0.595822 0.000000 0.028322 0.595822 0.803116 -0.000000 -1.142225 0.000000 0.000000 1.000000 0.000000
0.993923 -0.110078 0.000000 0.250450 0.110078 0.993923 -0.000000 -1.049138 0.000000 0.000000 1.000000 0.000000
0.978110 0.208087 0.000000 0.425628 -0.208087 0.978110 -0.000000 -1.049496 -0.000000 0.000000 1.000000 0.000000
0.962767 0.270333 0.000000 0.541361 -0.270333 0.962767 -0.000000 -1.074505 -0.000000 0.000000 1.000000 0.000000
0.817727 0.575606 0.000000 0.601651 -0.575606 0.817727 -0.000000 -1.097529 -0.000000 0.000000 1.000000 0.000000
0.142600 0.989780 0.000000 0.610539 -0.989780 0.142600 -0.000000 -1.111227 -0.000000 0.000000 1.000000 0.000000
-0.663954 0.747774 0.000000 0.600060 -0.747774 -0.663954 0.000000 -1.121657 0.000000 0.000000 1.000000 0.000000
-0.998935 0.046140 0.000000 0.533987 -0.046140 -0.998935 0.000000 -1.141472 0.000000 0.000000 1.000000 0.000000
-0.895106 -0.445853 0.000000 0.470329 0.445853 -0.895106 0.000000 -1.131748 0.000000 0.000000 1.000000 0.000000
-0.274752 -0.961515 0.000000 0.369619 0.961515 -0.274752 0.000000 -1.000623 0.000000 0.000000 1.000000 0.000000
0.114916 -0.993375 0.000000 0.351207 0.993375 0.114916 -0.000000 -0.734790 0.000000 0.000000 1.000000 0.000000
0.204034 -0.978964 0.000000 0.378121 0.978964 0.204034 -0.000000 -0.576822 0.000000 0.000000 1.000000 0.000000
0.230079 -0.973172 0.000000 0.418054 0.973172 0.230079 -0.000000 -0.355041 0.000000 0.000000 1.000000 0.000000
0.215257 -0.976557 0.000000 0.445521 0.976557 0.215257 -0.000000 -0.234655 0.000000 0.000000 1.000000 0.000000
0.197794 -0.980244 0.000000 0.461826 0.980244 0.197794 -0.000000 -0.133820 0.000000 0.000000 1.000000 0.000000
0.323548 -0.946212 0.000000 0.467239 0.946212 0.323548 -0.000000 -0.128650 0.000000 0.000000 1.000000 0.000000
0.665347 -0.746534 0.000000 0.467119 0.746534 0.665347 -0.000000 -0.128328 0.000000 0.000000 1.000000 0.000000
0.908867 -0.417085 0.000000 0.464480 0.417085 0.908867 -0.000000 -0.132652 0.000000 0.000000 1.000000 0.000000
0.951210 -0.308545 0.000000 0.457606 0.308545 0.951210 -0.000000 -0.131257 0.000000 0.000000 1.000000 0.000000
0.881666 -0.471874 0.000000 0.461000 0.471874 0.881666 -0.000000 -0.131838 0.000000 0.000000 1.000000 0.000000
0.741939 -0.670468 0.000000 0.459864 0.670468 0.741939 -0.000000 -0.131937 0.000000 0.000000 1.000000 0.000000
0.334632 -0.942349 0.000000 0.462257 0.942349 0.334632 -0.000000 -0.129121 0.000000 0.000000 1.000000 0.000000
-0.280044 -0.959987 0.000000 0.461553 0.959987 -0.280044 0.000000 -0.071727 0.000000 0.000000 1.000000 0.000000
-0.850800 -0.525490 0.000000 0.407867 0.525490 -0.850800 0.000000 0.007816 0.000000 0.000000 1.000000 0.000000
-0.994176 -0.107771 0.000000 0.213409 0.107771 -0.994176 0.000000 0.053547 0.000000 0.000000 1.000000 0.000000
-0.997338 0.072922 0.000000 -0.001871 -0.072922 -0.997338 0.000000 0.048856 0.000000 0.000000 1.000000 0.000000
-0.991767 0.128052 0.000000 -0.127886 -0.128052 -0.991767 0.000000 0.031387 0.000000 0.000000 1.000000 0.000000
-0.981228 0.192850 0.000000 -0.214909 -0.192850 -0.981228 0.000000 0.011385 0.000000 0.000000 1.000000 0.000000
-0.688482 0.725253 0.000000 -0.224062 -0.725253 -0.688482 0.000000 0.009996 0.000000 0.000000 1.000000 0.000000
0.036133 0.999347 0.000000 -0.229359 -0.999347 0.036133 -0.000000 0.003413 -0.000000 0.000000 1.000000 0.000000
0.737099 0.675784 0.000000 -0.226775 -0.675784 0.737099 -0.000000 -0.022992 -0.000000 0.000000 1.000000 0.000000
0.958367 0.285541 0.000000 -0.220749 -0.285541 0.958367 -0.000000 -0.028145 -0.000000 0.000000 1.000000 0.000000
0.999993 0.003779 0.000000 -0.206546 -0.003779 0.999993 -0.000000 -0.026985 -0.000000 0.000000 1.000000 0.000000
