0.999643 -0.026700 0.000000 2.302815 0.026700 0.999643 -0.000000 -2.181631 0.000000 0.000000 1.000000 0.000000
0.999890 0.014853 0.000000 2.304989 -0.014853 0.999890 -0.000000 -2.180362 -0.000000 0.000000 1.000000 0.000000
0.977320 0.211766 0.000000 2.310214 -0.211766 0.977320 -0.000000 -2.175510 -0.000000 0.000000 1.000000 0.000000
0.763523 0.645780 0.000000 2.309031 -0.645780 0.763523 -0.000000 -2.174488 -0.000000 0.000000 1.000000 0.000000
0.179118 0.983828 0.000000 2.319129 -0.983828 0.179118 -0.000000 -2.204034 -0.000000 0.000000 1.000000 0.000000
-0.551939 0.833884 0.000000 2.304240 -0.833884 -0.551939 0.000000 -2.267184 0.000000 0.000000 1.000000 0.000000
-0.961285 0.275555 0.000000 2.198185 -0.275555 -0.961285 0.000000 -2.313741 0.000000 0.000000 1.000000 0.000000
-0.955084 0.296335 0.000000 2.167472 -0.296335 -0.955084 0.000000 -2.315562 0.000000 0.000000 1.000000 0.000000
-0.964001 0.265897 0.000000 2.143856 -0.265897 -0.964001 0.000000 -2.320336 0.000000 0.000000 1.000000 0.000000
-0.998490 0.054940 0.000000 2.030059 -0.054940 -0.998490 0.000000 -2.341025 0.000000 0.000000 1.000000 0.000000
-0.984505 -0.175354 0.000000 1.695368 0.175354 -0.984505 0.000000 -2.318088 0.000000 0.000000 1.000000 0.000000
-0.978278 -0.207297 0.000000 1.289661 0.207297 -0.978278 0.000000 -2.254969 0.000000 0.000000 1.000000 0.000000
-0.981297 -0.192498 0.000000 0.847401 0.192498 -0.981297 0.000000 -2.184153 0.000000 0.000000 1.000000 0.000000
-0.993620 -0.112782 0.000000 0.447255 0.112782 -0.993620 0.000000 -2.138822 0.000000 0.000000 1.000000 0.000000
-0.998045 -0.062494 0.000000 0.221655 0.062494 -0.998045 0.000000 -2.129883 0.000000 0.000000 1.000000 0.000000
-0.992684 0.120743 0.000000 0.107135 -0.120743 -0.992684 0.000000 -2.130475 0.000000 0.000000 1.000000 0.000000
-0.913759 0.406256 0.000000 0.064646 -0.406256 -0.913759 0.000000 -2.144988 0.000000 0.000000 1.000000 0.000000
-0.862434 0.506169 0.000000 0.063863 -0.506169 -0.862434 0.000000 -2.146015 0.000000 0.000000 1.000000 0.000000
-0.584136 0.811655 0.000000 0.057374 -0.811655 -0.584136 0.000000 -2.142740 0.000000 0.000000 1.000000 0.000000
0.027340 0.999626 0.000000 0.053066 -0.999626 0.027340 -0.000000 -2.143283 -0.000000 0.000000 1.000000 0.000000
0.710648 0.703548 0.000000 0.053196 -0.703548 0.710648 -0.000000 -2.155257 -0.000000 0.000000 1.000000 0.000000
0.940829 0.338882 0.000000 0.065931 -0.338882 0.940829 -0.000000 -2.165589 -0.000000 0.000000 1.000000 0.000000
0.999768 0.021519 0.000000 0.068593 -0.021519 0.999768 -0.000000 -2.165636 -0.000000 0.000000 1.000000 0.000000
0.999872 0.016019 0.000000 0.073808 -0.016019 0.999872 -0.000000 -2.162662 -0.000000 0.000000 1.000000 0.000000
0.938982 -0.343967 0.000000 0.063079 0.343967 0.938982 -0.000000 -2.168848 0.000000 0.000000 1.000000 0.000000
0.508505 -0.861059 0.000000 0.067961 0.861059 0.508505 -0.000000 -2.155572 0.000000 0.000000 1.000000 0.000000
-0.232551 -0.972584 0.000000 0.073240 0.972584 -0.232551 0.000000 -2.159186 0.000000 0.000000 1.000000 0.000000
-0.865908 -0.500203 0.000000 0.073981 0.500203 -0.865908 0.000000 -2.148942 0.000000 0.000000 1.000000 0.000000
-0.948472 0.316861 0.000000 0.070609 -0.316861 -0.948472 0.000000 -2.148544 0.000000 0.000000 1.000000 0.000000
-0.368061 0.929802 -0.000000 0.058483 -0.929802 -0.368061 0.000000 -2.144940 -0.000000 0.000000 1.000000 0.000000
0.497152 0.867663 0.000000 0.050480 -0.867663 0.497152 -0.000000 -2.148431 -0.000000 0.000000 1.000000 0.000000
0.991153 0.132721 0.000000 0.051125 -0.132721 0.991153 -0.000000 -2.168993 -0.000000 0.000000 1.000000 0.000000
0.845617 -0.533791 0.000000 0.071754 0.533791 0.845617 -0.000000 -2.167939 0.000000 0.000000 1.000000 0.000000
0.371654 -0.928371 0.000000 0.065056 0.928371 0.371654 -0.000000 -2.163890 0.000000 0.000000 1.000000 0.000000
0.295347 -0.955390 0.000000 0.065328 0.955390 0.295347 -0.000000 -2.157938 0.000000 0.000000 1.000000 0.000000
0.474973 -0.880000 0.000000 0.112232 0.880000 0.474973 -0.000000 -2.041589 0.000000 0.000000 1.000000 0.000000
0.476624 -0.879107 0.000000 0.202539 0.879107 0.476624 -0.000000 -1.870669 0.000000 0.000000 1.000000 0.000000
0.498486 -0.866898 0.000000 0.310085 0.866898 0.498486 -0.000000 -1.645687 0.000000 0.000000 1.000000 0.000000
0.436863 -0.899528 0.000000 0.444745 0.899528 0.436863 -0.000000 -1.383970 0.000000 0.000000 1.000000 0.000000
0.234297 -0.972165 0.000000 0.543268 0.972165 0.234297 -0.000000 -1.070994 0.000000 0.000000 1.000000 0.000000
-0.156659 -0.987653 0.000000 0.558770 0.987653 -0.156659 0.000000 -0.708629 0.000000 0.000000 1.000000 0.000000
-0.508799 -0.860885 0.000000 0.411474 0.860885 -0.508799 0.000000 -0.339789 0.000000 0.000000 1.000000 0.000000
-0.682556 -0.730833 0.000000 0.243387 0.730833 -0.682556 0.000000 -0.137837 0.000000 0.000000 1.000000 0.000000
-0.753503 -0.657444 0.000000 0.130372 0.657444 -0.753503 0.000000 -0.034531 0.000000 0.000000 1.000000 0.000000
-0.753971 -0.656908 0.000000 0.058044 0.656908 -0.753971 0.000000 0.024942 0.000000 0.000000 1.000000 0.000000
-0.602507 -0.798114 0.000000 0.057138 0.798114 -0.602507 0.000000 0.025369 0.000000 0.000000 1.000000 0.000000
-0.183875 -0.982950 0.000000 0.065000 0.982950 -0.183875 0.000000 0.031877 0.000000 0.000000 1.000000 0.000000
0.491681 -0.870776 0.000000 0.071606 0.870776 0.491681 -0.000000 0.031602 0.000000 0.000000 1.000000 0.000000
0.895017 -0.446032 0.000000 0.066057 0.446032 0.895017 -0.000000 0.023970 0.000000 0.000000 1.000000 0.000000
0.988281 -0.152645 0.000000 0.066521 0.152645 0.988281 -0.000000 0.022325 0.000000 0.000000 1.000000 0.000000
0.998651 0.051928 0.000000 0.056073 -0.051928 0.998651 -0.000000 0.018024 -0.000000 0.000000 1.000000 0.000000
0.998590 0.053087 0.000000 0.056044 -0.053087 0.998590 -0.000000 0.019254 -0.000000 0.000000 1.000000 0.000000
0.998603 0.052843 0.000000 0.056405 -0.052843 0.998603 -0.000000 0.018871 -0.000000 0.000000 1.000000 0.000000
