0.999644 -0.026700 0.000000 2.302815 0.026700 0.999644 0.000000 -2.181631 0.000000 0.000000 1.000000 0.000000
0.999640 -0.026836 0.000000 2.302815 0.026836 0.999640 0.000000 -2.181631 0.000000 0.000000 1.000000 0.000000
0.999621 -0.027516 0.000000 2.302815 0.027516 0.999621 0.000000 -2.181631 0.000000 0.000000 1.000000 0.000000
0.999625 -0.027385 0.000000 2.302815 0.027385 0.999625 0.000000 -2.181631 0.000000 0.000000 1.000000 0.000000
0.999622 -0.027490 0.000000 2.302815 0.027490 0.999622 0.000000 -2.181631 0.000000 0.000000 1.000000 0.000000
0.999620 -0.027573 0.000000 2.302815 0.027573 0.999620 0.000000 -2.181631 0.000000 0.000000 1.000000 0.000000
0.999605 -0.028096 0.000000 2.302815 0.028096 0.999605 0.000000 -2.181631 0.000000 0.000000 1.000000 0.000000
0.999606 -0.028075 0.000000 2.302815 0.028075 0.999606 0.000000 -2.181631 0.000000 0.000000 1.000000 0.000000
0.999613 -0.027827 0.000000 2.302815 0.027827 0.999613 0.000000 -2.181631 0.000000 0.000000 1.000000 0.000000
0.999629 -0.027219 0.000000 2.302815 0.027219 0.999629 0.000000 -2.181631 0.000000 0.000000 1.000000 0.000000
0.999620 -0.027573 0.000000 2.302815 0.027573 0.999620 0.000000 -2.181631 0.000000 0.000000 1.000000 0.000000
0.999596 -0.028422 0.000000 2.302815 0.028422 0.999596 0.000000 -2.181631 0.000000 0.000000 1.000000 0.000000
0.999600 -0.028271 0.000000 2.302815 0.028271 0.999600 0.000000 -2.181631 0.000000 0.000000 1.000000 0.000000
0.999979 0.006538 0.000000 2.301835 -0.006538 0.999979 -0.000000 -2.181647 -0.000000 0.000000 1.000000 0.000000
0.980186 0.198079 0.000000 2.299301 -0.198079 0.980186 -0.000000 -2.181411 -0.000000 0.000000 1.000000 0.000000
0.778132 0.628100 0.000000 2.297515 -0.628100 0.778132 -0.000000 -2.180629 -0.000000 0.000000 1.000000 0.000000
0.204688 0.978827 0.000000 2.312203 -0.978827 0.204688 -0.000000 -2.215829 -0.000000 0.000000 1.000000 0.000000
-0.531900 0.846807 0.000000 2.305772 -0.846807 -0.531900 -0.000000 -2.280928 -0.000000 0.000000 1.000000 0.000000
-0.960131 0.279552 0.000000 2.202913 -0.279552 -0.960131 -0.000000 -2.345408 -0.000000 0.000000 1.000000 0.000000
-0.956326 0.292303 0.000000 2.127205 -0.292303 -0.956326 -0.000000 -2.367684 -0.000000 0.000000 1.000000 0.000000
-0.964858 0.262773 0.000000 2.068352 -0.262773 -0.964858 -0.000000 -2.384625 -0.000000 0.000000 1.000000 0.000000
-0.997247 0.074149 0.000000 1.926932 -0.074149 -0.997247 -0.000000 -2.412557 -0.000000 0.000000 1.000000 0.000000
-0.984897 -0.173144 0.000000 1.592685 0.173144 -0.984897 0.000000 -2.378079 0.000000 0.000000 1.000000 0.000000
-0.977710 -0.209960 0.000000 1.177104 0.209960 -0.977710 0.000000 -2.294727 0.000000 0.000000 1.000000 0.000000
-0.979428 -0.201794 0.000000 0.719498 0.201794 -0.979428 0.000000 -2.197284 0.000000 0.000000 1.000000 0.000000
-0.992084 -0.125575 0.000000 0.324882 0.125575 -0.992084 0.000000 -2.127206 0.000000 0.000000 1.000000 0.000000
-0.997185 -0.074979 0.000000 0.092634 0.074979 -0.997185 0.000000 -2.105753 0.000000 0.000000 1.000000 0.000000
-0.995508 0.094680 0.000000 -0.026012 -0.094680 -0.995508 -0.000000 -2.102898 -0.000000 0.000000 1.000000 0.000000
-0.921161 0.389181 0.000000 -0.066914 -0.389181 -0.921161 -0.000000 -2.113949 -0.000000 0.000000 1.000000 0.000000
-0.873927 0.486057 0.000000 -0.068221 -0.486057 -0.873927 -0.000000 -2.114567 -0.000000 0.000000 1.000000 0.000000
-0.612630 0.790370 0.000000 -0.070121 -0.790370 -0.612630 -0.000000 -2.116077 -0.000000 0.000000 1.000000 0.000000
-0.019012 0.999819 0.000000 -0.070767 -0.999819 -0.019012 -0.000000 -2.117772 -0.000000 0.000000 1.000000 0.000000
0.679482 0.733692 0.000000 -0.070234 -0.733692 0.679482 -0.000000 -2.119232 -0.000000 0.000000 1.000000 0.000000
0.933511 0.358549 0.000000 -0.070320 -0.358549 0.933511 -0.000000 -2.119291 -0.000000 0.000000 1.000000 0.000000
0.999169 0.040768 0.000000 -0.070214 -0.040768 0.999169 -0.000000 -2.119379 -0.000000 0.000000 1.000000 0.000000
0.999863 0.016580 0.000000 -0.070128 -0.016580 0.999863 -0.000000 -2.119382 -0.000000 0.000000 1.000000 0.000000
0.999863 0.016580 0.000000 -0.070128 -0.016580 0.999863 -0.000000 -2.119382 -0.000000 0.000000 1.000000 0.000000
0.999863 0.016580 0.000000 -0.070128 -0.016580 0.999863 -0.000000 -2.119382 -0.000000 0.000000 1.000000 0.000000
0.999863 0.016580 0.000000 -0.070128 -0.016580 0.999863 -0.000000 -2.119382 -0.000000 0.000000 1.000000 0.000000
0.999864 0.016494 0.000000 -0.070128 -0.016494 0.999864 -0.000000 -2.119382 -0.000000 0.000000 1.000000 0.000000
0.999860 0.016754 0.000000 -0.070128 -0.016754 0.999860 -0.000000 -2.119382 -0.000000 0.000000 1.000000 0.000000
0.999860 0.016754 0.000000 -0.070128 -0.016754 0.999860 -0.000000 -2.119382 -0.000000 0.000000 1.000000 0.000000
0.999860 0.016754 0.000000 -0.070128 -0.016754 0.999860 -0.000000 -2.119382 -0.000000 0.000000 1.000000 0.000000
0.999862 0.016598 0.000000 -0.070128 -0.016598 0.999862 -0.000000 -2.119382 -0.000000 0.000000 1.000000 0.000000
0.999843 0.017738 0.000000 -0.070128 -0.017738 0.999843 -0.000000 -2.119382 -0.000000 0.000000 1.000000 0.000000
0.999837 0.018056 0.000000 -0.070128 -0.018056 0.999837 -0.000000 -2.119382 -0.000000 0.000000 1.000000 0.000000
0.999822 0.018848 0.000000 -0.070128 -0.018848 0.999822 -0.000000 -2.119382 -0.000000 0.000000 1.000000 0.000000
0.955485 -0.295038 0.000000 -0.069737 0.295038 0.955485 0.000000 -2.119351 0.000000 0.000000 1.000000 0.000000
0.529277 -0.848449 0.000000 -0.069087 0.848449 0.529277 0.000000 -2.118924 0.000000 0.000000 1.000000 0.000000
-0.202726 -0.979236 0.000000 -0.068885 0.979236 -0.202726 0.000000 -2.118345 0.000000 0.000000 1.000000 0.000000
-0.842491 -0.538711 0.000000 -0.069336 0.538711 -0.842491 0.000000 -2.117775 0.000000 0.000000 1.000000 0.000000
-0.963648 0.267174 0.000000 -0.070601 -0.267174 -0.963648 -0.000000 -2.117515 -0.000000 0.000000 1.000000 0.000000
-0.406376 0.913706 0.000000 -0.071428 -0.913706 -0.406376 -0.000000 -2.118182 -0.000000 0.000000 1.000000 0.000000
0.453028 0.891496 0.000000 -0.071519 -0.891496 0.453028 -0.000000 -2.119338 -0.000000 0.000000 1.000000 0.000000
0.982996 0.183625 0.000000 -0.071421 -0.183625 0.982996 -0.000000 -2.119527 -0.000000 0.000000 1.000000 0.000000
0.865638 -0.500670 0.000000 -0.071205 0.500670 0.865638 0.000000 -2.119504 0.000000 0.000000 1.000000 0.000000
0.385258 -0.922809 0.000000 -0.071655 0.922809 0.385258 0.000000 -2.120088 0.000000 0.000000 1.000000 0.000000
0.278064 -0.960563 0.000000 -0.069790 0.960563 0.278064 0.000000 -2.113541 0.000000 0.000000 1.000000 0.000000
0.459143 -0.888362 0.000000 -0.021577 0.888362 0.459143 0.000000 -1.997856 0.000000 0.000000 1.000000 0.000000
0.465306 -0.885150 0.000000 0.069807 0.885150 0.465306 0.000000 -1.826105 0.000000 0.000000 1.000000 0.000000
0.483880 -0.875135 0.000000 0.184579 0.875135 0.483880 0.000000 -1.604313 0.000000 0.000000 1.000000 0.000000
0.428020 -0.903769 0.000000 0.324418 0.903769 0.428020 0.000000 -1.342618 0.000000 0.000000 1.000000 0.000000
0.223822 -0.974630 0.000000 0.435753 0.974630 0.223822 0.000000 -1.029447 0.000000 0.000000 1.000000 0.000000
-0.145352 -0.989380 0.000000 0.458928 0.989380 -0.145352 0.000000 -0.653319 0.000000 0.000000 1.000000 0.000000
-0.512950 -0.858419 0.000000 0.319440 0.858419 -0.512950 0.000000 -0.280691 0.000000 0.000000 1.000000 0.000000
-0.692994 -0.720943 0.000000 0.156087 0.720943 -0.692994 0.000000 -0.068845 0.000000 0.000000 1.000000 0.000000
-0.766793 -0.641894 0.000000 0.042289 0.641894 -0.766793 0.000000 0.038042 0.000000 0.000000 1.000000 0.000000
-0.768953 -0.639305 0.000000 -0.025176 0.639305 -0.768953 0.000000 0.094107 0.000000 0.000000 1.000000 0.000000
-0.641465 -0.767153 0.000000 -0.026290 0.767153 -0.641465 0.000000 0.095139 0.000000 0.000000 1.000000 0.000000
-0.240983 -0.970529 0.000000 -0.026347 0.970529 -0.240983 0.000000 0.095207 0.000000 0.000000 1.000000 0.000000
0.419616 -0.907702 0.000000 -0.026350 0.907702 0.419616 0.000000 0.094967 0.000000 0.000000 1.000000 0.000000
0.875150 -0.483851 0.000000 -0.027047 0.483851 0.875150 0.000000 0.094311 0.000000 0.000000 1.000000 0.000000
0.981241 -0.192786 0.000000 -0.028117 0.192786 0.981241 0.000000 0.093935 0.000000 0.000000 1.000000 0.000000
0.999549 0.030015 0.000000 -0.028855 -0.030015 0.999549 -0.000000 0.093850 -0.000000 0.000000 1.000000 0.000000
0.999549 0.030015 0.000000 -0.028855 -0.030015 0.999549 -0.000000 0.093850 -0.000000 0.000000 1.000000 0.000000
0.999539 0.030353 0.000000 -0.028855 -0.030353 0.999539 -0.000000 0.093850 -0.000000 0.000000 1.000000 0.000000
0.999526 0.030779 0.000000 -0.028855 -0.030779 0.999526 -0.000000 0.093850 -0.000000 0.000000 1.000000 0.000000
0.999512 0.031236 0.000000 -0.028855 -0.031236 0.999512 -0.000000 0.093850 -0.000000 0.000000 1.000000 0.000000
0.999520 0.030986 0.000000 -0.028855 -0.030986 0.999520 -0.000000 0.093850 -0.000000 0.000000 1.000000 0.000000
0.999511 0.031272 0.000000 -0.028855 -0.031272 0.999511 -0.000000 0.093850 -0.000000 0.000000 1.000000 0.000000
0.999519 0.031005 0.000000 -0.028855 -0.031005 0.999519 -0.000000 0.093850 -0.000000 0.000000 1.000000 0.000000
0.999511 0.031281 0.000000 -0.028855 -0.031281 0.999511 -0.000000 0.093850 -0.000000 0.000000 1.000000 0.000000
0.999497 0.031729 0.000000 -0.028855 -0.031729 0.999497 -0.000000 0.093850 -0.000000 0.000000 1.000000 0.000000
0.999480 0.032243 0.000000 -0.028855 -0.032243 0.999480 -0.000000 0.093850 -0.000000 0.000000 1.000000 0.000000
0.999475 0.032405 0.000000 -0.028855 -0.032405 0.999475 -0.000000 0.093850 -0.000000 0.000000 1.000000 0.000000
0.999462 0.032792 0.000000 -0.028855 -0.032792 0.999462 -0.000000 0.093850 -0.000000 0.000000 1.000000 0.000000
0.999433 0.033678 0.000000 -0.028855 -0.033678 0.999433 -0.000000 0.093850 -0.000000 0.000000 1.000000 0.000000
0.999420 0.034045 0.000000 -0.028855 -0.034045 0.999420 -0.000000 0.093850 -0.000000 0.000000 1.000000 0.000000
0.999405 0.034485 0.000000 -0.028855 -0.034485 0.999405 -0.000000 0.093850 -0.000000 0.000000 1.000000 0.000000
0.999402 0.034576 0.000000 -0.028855 -0.034576 0.999402 -0.000000 0.093850 -0.000000 0.000000 1.000000 0.000000
0.999377 0.035291 0.000000 -0.028855 -0.035291 0.999377 -0.000000 0.093850 -0.000000 0.000000 1.000000 0.000000
0.999386 0.035028 0.000000 -0.028855 -0.035028 0.999386 -0.000000 0.093850 -0.000000 0.000000 1.000000 0.000000
0.999407 0.034421 0.000000 -0.028855 -0.034421 0.999407 -0.000000 0.093850 -0.000000 0.000000 1.000000 0.000000
0.999404 0.034515 0.000000 -0.028855 -0.034515 0.999404 -0.000000 0.093850 -0.000000 0.000000 1.000000 0.000000
0.999382 0.035160 0.000000 -0.028855 -0.035160 0.999382 -0.000000 0.093850 -0.000000 0.000000 1.000000 0.000000
0.999405 0.034497 0.000000 -0.028855 -0.034497 0.999405 -0.000000 0.093850 -0.000000 0.000000 1.000000 0.000000
0.999410 0.034355 0.000000 -0.028855 -0.034355 0.999410 -0.000000 0.093850 -0.000000 0.000000 1.000000 0.000000
0.999412 0.034296 0.000000 -0.028855 -0.034296 0.999412 -0.000000 0.093850 -0.000000 0.000000 1.000000 0.000000
0.999397 0.034729 0.000000 -0.028855 -0.034729 0.999397 -0.000000 0.093850 -0.000000 0.000000 1.000000 0.000000
0.999409 0.034368 0.000000 -0.028855 -0.034368 0.999409 -0.000000 0.093850 -0.000000 0.000000 1.000000 0.000000
0.999390 0.034917 0.000000 -0.028855 -0.034917 0.999390 -0.000000 0.093850 -0.000000 0.000000 1.000000 0.000000
0.999352 0.035993 0.000000 -0.028855 -0.035993 0.999352 -0.000000 0.093850 -0.000000 0.000000 1.000000 0.000000
0.999339 0.036354 0.000000 -0.028855 -0.036354 0.999339 -0.000000 0.093850 -0.000000 0.000000 1.000000 0.000000
0.999332 0.036551 0.000000 -0.028855 -0.036551 0.999332 -0.000000 0.093850 -0.000000 0.000000 1.000000 0.000000
0.999312 0.037088 0.000000 -0.028855 -0.037088 0.999312 -0.000000 0.093850 -0.000000 0.000000 1.000000 0.000000
0.999273 0.038115 0.000000 -0.028855 -0.038115 0.999273 -0.000000 0.093850 -0.000000 0.000000 1.000000 0.000000
0.999278 0.037982 0.000000 -0.028855 -0.037982 0.999278 -0.000000 0.093850 -0.000000 0.000000 1.000000 0.000000
0.999291 0.037647 0.000000 -0.028855 -0.037647 0.999291 -0.000000 0.093850 -0.000000 0.000000 1.000000 0.000000
0.999284 0.037831 0.000000 -0.028855 -0.037831 0.999284 -0.000000 0.093850 -0.000000 0.000000 1.000000 0.000000
0.999265 0.038325 0.000000 -0.028855 -0.038325 0.999265 -0.000000 0.093850 -0.000000 0.000000 1.000000 0.000000
0.999243 0.038896 0.000000 -0.028855 -0.038896 0.999243 -0.000000 0.093850 -0.000000 0.000000 1.000000 0.000000
0.999252 0.038662 0.000000 -0.028855 -0.038662 0.999252 -0.000000 0.093850 -0.000000 0.000000 1.000000 0.000000
0.999265 0.038345 0.000000 -0.028855 -0.038345 0.999265 -0.000000 0.093850 -0.000000 0.000000 1.000000 0.000000
0.999284 0.037845 0.000000 -0.028855 -0.037845 0.999284 -0.000000 0.093850 -0.000000 0.000000 1.000000 0.000000
0.999283 0.037862 0.000000 -0.028855 -0.037862 0.999283 -0.000000 0.093850 -0.000000 0.000000 1.000000 0.000000
0.999289 0.037697 0.000000 -0.028855 -0.037697 0.999289 -0.000000 0.093850 -0.000000 0.000000 1.000000 0.000000
0.999282 0.037899 0.000000 -0.028855 -0.037899 0.999282 -0.000000 0.093850 -0.000000 0.000000 1.000000 0.000000
0.999269 0.038228 0.000000 -0.028855 -0.038228 0.999269 -0.000000 0.093850 -0.000000 0.000000 1.000000 0.000000
0.999234 0.039132 0.000000 -0.028855 -0.039132 0.999234 -0.000000 0.093850 -0.000000 0.000000 1.000000 0.000000
0.999184 0.040380 0.000000 -0.028855 -0.040380 0.999184 -0.000000 0.093850 -0.000000 0.000000 1.000000 0.000000
0.999136 0.041566 0.000000 -0.028855 -0.041566 0.999136 -0.000000 0.093850 -0.000000 0.000000 1.000000 0.000000
0.999132 0.041657 0.000000 -0.028855 -0.041657 0.999132 -0.000000 0.093850 -0.000000 0.000000 1.000000 0.000000
0.999147 0.041304 0.000000 -0.028855 -0.041304 0.999147 -0.000000 0.093850 -0.000000 0.000000 1.000000 0.000000
0.999126 0.041803 0.000000 -0.028855 -0.041803 0.999126 -0.000000 0.093850 -0.000000 0.000000 1.000000 0.000000
0.999131 0.041673 0.000000 -0.028855 -0.041673 0.999131 -0.000000 0.093850 -0.000000 0.000000 1.000000 0.000000
0.999146 0.041316 0.000000 -0.028855 -0.041316 0.999146 -0.000000 0.093850 -0.000000 0.000000 1.000000 0.000000
0.999135 0.041584 0.000000 -0.028855 -0.041584 0.999135 -0.000000 0.093850 -0.000000 0.000000 1.000000 0.000000
0.999116 0.042037 0.000000 -0.028855 -0.042037 0.999116 -0.000000 0.093850 -0.000000 0.000000 1.000000 0.000000
0.999124 0.041856 0.000000 -0.028855 -0.041856 0.999124 -0.000000 0.093850 -0.000000 0.000000 1.000000 0.000000
0.999125 0.041833 0.000000 -0.028855 -0.041833 0.999125 -0.000000 0.093850 -0.000000 0.000000 1.000000 0.000000
0.999101 0.042392 0.000000 -0.028855 -0.042392 0.999101 -0.000000 0.093850 -0.000000 0.000000 1.000000 0.000000
0.999108 0.042237 0.000000 -0.028855 -0.042237 0.999108 -0.000000 0.093850 -0.000000 0.000000 1.000000 0.000000
0.999131 0.041690 0.000000 -0.028855 -0.041690 0.999131 -0.000000 0.093850 -0.000000 0.000000 1.000000 0.000000
0.999108 0.042228 0.000000 -0.028855 -0.042228 0.999108 -0.000000 0.093850 -0.000000 0.000000 1.000000 0.000000
0.999099 0.042448 0.000000 -0.028855 -0.042448 0.999099 -0.000000 0.093850 -0.000000 0.000000 1.000000 0.000000
0.999089 0.042670 0.000000 -0.028855 -0.042670 0.999089 -0.000000 0.093850 -0.000000 0.000000 1.000000 0.000000
0.999056 0.043451 0.000000 -0.028855 -0.043451 0.999056 -0.000000 0.093850 -0.000000 0.000000 1.000000 0.000000
0.999062 0.043300 0.000000 -0.028855 -0.043300 0.999062 -0.000000 0.093850 -0.000000 0.000000 1.000000 0.000000
0.999074 0.043016 0.000000 -0.028855 -0.043016 0.999074 -0.000000 0.093850 -0.000000 0.000000 1.000000 0.000000
0.999063 0.043271 0.000000 -0.028855 -0.043271 0.999063 -0.000000 0.093850 -0.000000 0.000000 1.000000 0.000000
0.999040 0.043802 0.000000 -0.028855 -0.043802 0.999040 -0.000000 0.093850 -0.000000 0.000000 1.000000 0.000000
0.999009 0.044519 0.000000 -0.028855 -0.044519 0.999009 -0.000000 0.093850 -0.000000 0.000000 1.000000 0.000000
0.999001 0.044686 0.000000 -0.028855 -0.044686 0.999001 -0.000000 0.093850 -0.000000 0.000000 1.000000 0.000000
0.998994 0.044853 0.000000 -0.028855 -0.044853 0.998994 -0.000000 0.093850 -0.000000 0.000000 1.000000 0.000000
0.999001 0.044681 0.000000 -0.028855 -0.044681 0.999001 -0.000000 0.093850 -0.000000 0.000000 1.000000 0.000000
0.999024 0.044164 0.000000 -0.028855 -0.044164 0.999024 -0.000000 0.093850 -0.000000 0.000000 1.000000 0.000000
0.999017 0.044333 0.000000 -0.028855 -0.044333 0.999017 -0.000000 0.093850 -0.000000 0.000000 1.000000 0.000000
0.998992 0.044878 0.000000 -0.028855 -0.044878 0.998992 -0.000000 0.093850 -0.000000 0.000000 1.000000 0.000000
0.999007 0.044556 0.000000 -0.028855 -0.044556 0.999007 -0.000000 0.093850 -0.000000 0.000000 1.000000 0.000000
0.998999 0.044740 0.000000 -0.028855 -0.044740 0.998999 -0.000000 0.093850 -0.000000 0.000000 1.000000 0.000000
0.999005 0.044593 0.000000 -0.028855 -0.044593 0.999005 -0.000000 0.093850 -0.000000 0.000000 1.000000 0.000000
0.999014 0.044405 0.000000 -0.028855 -0.044405 0.999014 -0.000000 0.093850 -0.000000 0.000000 1.000000 0.000000
0.999011 0.044460 0.000000 -0.028855 -0.044460 0.999011 -0.000000 0.093850 -0.000000 0.000000 1.000000 0.000000
0.998964 0.045501 0.000000 -0.028855 -0.045501 0.998964 -0.000000 0.093850 -0.000000 0.000000 1.000000 0.000000
0.998940 0.046037 0.000000 -0.028855 -0.046037 0.998940 -0.000000 0.093850 -0.000000 0.000000 1.000000 0.000000
0.998939 0.046045 0.000000 -0.028855 -0.046045 0.998939 -0.000000 0.093850 -0.000000 0.000000 1.000000 0.000000
0.998915 0.046574 0.000000 -0.028855 -0.046574 0.998915 -0.000000 0.093850 -0.000000 0.000000 1.000000 0.000000
0.998906 0.046762 0.000000 -0.028855 -0.046762 0.998906 -0.000000 0.093850 -0.000000 0.000000 1.000000 0.000000
0.998890 0.047106 0.000000 -0.028855 -0.047106 0.998890 -0.000000 0.093850 -0.000000 0.000000 1.000000 0.000000
0.998877 0.047370 0.000000 -0.028855 -0.047370 0.998877 -0.000000 0.093850 -0.000000 0.000000 1.000000 0.000000
0.998857 0.047804 0.000000 -0.028855 -0.047804 0.998857 -0.000000 0.093850 -0.000000 0.000000 1.000000 0.000000
0.998881 0.047304 0.000000 -0.028855 -0.047304 0.998881 -0.000000 0.093850 -0.000000 0.000000 1.000000 0.000000
0.998843 0.048092 0.000000 -0.028855 -0.048092 0.998843 -0.000000 0.093850 -0.000000 0.000000 1.000000 0.000000
0.998845 0.048053 0.000000 -0.028855 -0.048053 0.998845 -0.000000 0.093850 -0.000000 0.000000 1.000000 0.000000
0.998844 0.048069 0.000000 -0.028855 -0.048069 0.998844 -0.000000 0.093850 -0.000000 0.000000 1.000000 0.000000
0.998854 0.047861 0.000000 -0.028855 -0.047861 0.998854 -0.000000 0.093850 -0.000000 0.000000 1.000000 0.000000
0.998827 0.048427 0.000000 -0.028855 -0.048427 0.998827 -0.000000 0.093850 -0.000000 0.000000 1.000000 0.000000
0.998815 0.048661 0.000000 -0.028855 -0.048661 0.998815 -0.000000 0.093850 -0.000000 0.000000 1.000000 0.000000
0.998806 0.048853 0.000000 -0.028855 -0.048853 0.998806 -0.000000 0.093850 -0.000000 0.000000 1.000000 0.000000
0.998773 0.049530 0.000000 -0.028855 -0.049530 0.998773 -0.000000 0.093850 -0.000000 0.000000 1.000000 0.000000
0.998755 0.049880 0.000000 -0.028855 -0.049880 0.998755 -0.000000 0.093850 -0.000000 0.000000 1.000000 0.000000
0.998755 0.049884 0.000000 -0.028855 -0.049884 0.998755 -0.000000 0.093850 -0.000000 0.000000 1.000000 0.000000
0.998745 0.050082 0.000000 -0.028855 -0.050082 0.998745 -0.000000 0.093850 -0.000000 0.000000 1.000000 0.000000
0.998732 0.050346 0.000000 -0.028855 -0.050346 0.998732 -0.000000 0.093850 -0.000000 0.000000 1.000000 0.000000
0.998732 0.050345 0.000000 -0.028855 -0.050345 0.998732 -0.000000 0.093850 -0.000000 0.000000 1.000000 0.000000
0.998745 0.050092 0.000000 -0.028855 -0.050092 0.998745 -0.000000 0.093850 -0.000000 0.000000 1.000000 0.000000
0.998751 0.049960 0.000000 -0.028855 -0.049960 0.998751 -0.000000 0.093850 -0.000000 0.000000 1.000000 0.000000
0.998779 0.049411 0.000000 -0.028855 -0.049411 0.998779 -0.000000 0.093850 -0.000000 0.000000 1.000000 0.000000
0.998777 0.049437 0.000000 -0.028855 -0.049437 0.998777 -0.000000 0.093850 -0.000000 0.000000 1.000000 0.000000
0.998812 0.048733 0.000000 -0.028855 -0.048733 0.998812 -0.000000 0.093850 -0.000000 0.000000 1.000000 0.000000
0.998802 0.048931 0.000000 -0.028855 -0.048931 0.998802 -0.000000 0.093850 -0.000000 0.000000 1.000000 0.000000
0.998793 0.049127 0.000000 -0.028855 -0.049127 0.998793 -0.000000 0.093850 -0.000000 0.000000 1.000000 0.000000
0.998762 0.049736 0.000000 -0.028855 -0.049736 0.998762 -0.000000 0.093850 -0.000000 0.000000 1.000000 0.000000
0.998754 0.049910 0.000000 -0.028855 -0.049910 0.998754 -0.000000 0.093850 -0.000000 0.000000 1.000000 0.000000
0.998762 0.049748 0.000000 -0.028855 -0.049748 0.998762 -0.000000 0.093850 -0.000000 0.000000 1.000000 0.000000
0.998735 0.050275 0.000000 -0.028855 -0.050275 0.998735 -0.000000 0.093850 -0.000000 0.000000 1.000000 0.000000
0.998724 0.050496 0.000000 -0.028855 -0.050496 0.998724 -0.000000 0.093850 -0.000000 0.000000 1.000000 0.000000
0.998758 0.049832 0.000000 -0.028855 -0.049832 0.998758 -0.000000 0.093850 -0.000000 0.000000 1.000000 0.000000
0.998785 0.049277 0.000000 -0.028855 -0.049277 0.998785 -0.000000 0.093850 -0.000000 0.000000 1.000000 0.000000
0.998775 0.049490 0.000000 -0.028855 -0.049490 0.998775 -0.000000 0.093850 -0.000000 0.000000 1.000000 0.000000
0.998792 0.049147 0.000000 -0.028855 -0.049147 0.998792 -0.000000 0.093850 -0.000000 0.000000 1.000000 0.000000
0.998801 0.048947 0.000000 -0.028855 -0.048947 0.998801 -0.000000 0.093850 -0.000000 0.000000 1.000000 0.000000
0.998783 0.049330 0.000000 -0.028855 -0.049330 0.998783 -0.000000 0.093850 -0.000000 0.000000 1.000000 0.000000
0.998808 0.048819 0.000000 -0.028855 -0.048819 0.998808 -0.000000 0.093850 -0.000000 0.000000 1.000000 0.000000
0.998799 0.048987 0.000000 -0.028855 -0.048987 0.998799 -0.000000 0.093850 -0.000000 0.000000 1.000000 0.000000
0.998756 0.049869 0.000000 -0.028855 -0.049869 0.998756 -0.000000 0.093850 -0.000000 0.000000 1.000000 0.000000
0.998780 0.049373 0.000000 -0.028855 -0.049373 0.998780 -0.000000 0.093850 -0.000000 0.000000 1.000000 0.000000
0.998719 0.050595 0.000000 -0.028855 -0.050595 0.998719 -0.000000 0.093850 -0.000000 0.000000 1.000000 0.000000
