0.999999 -0.001156 0.000000 0.000000 0.001156 0.999999 0.000000 0.000000 0.000000 0.000000 1.000000 0.000000
1.000000 -0.000873 0.000000 0.000000 0.000873 1.000000 0.000000 0.000000 0.000000 0.000000 1.000000 0.000000
1.000000 -0.000698 0.000000 0.000000 0.000698 1.000000 0.000000 0.000000 0.000000 0.000000 1.000000 0.000000
1.000000 -0.000549 0.000000 0.000000 0.000549 1.000000 0.000000 0.000000 0.000000 0.000000 1.000000 0.000000
1.000000 -0.000698 0.000000 0.000000 0.000698 1.000000 0.000000 0.000000 0.000000 0.000000 1.000000 0.000000
0.999999 -0.001047 0.000000 0.000000 0.001047 0.999999 0.000000 0.000000 0.000000 0.000000 1.000000 0.000000
1.000000 -0.000873 0.000000 0.000000 0.000873 1.000000 0.000000 0.000000 0.000000 0.000000 1.000000 0.000000
0.999999 -0.001188 0.000000 0.000000 0.001188 0.999999 0.000000 0.000000 0.000000 0.000000 1.000000 0.000000
0.999999 -0.001047 0.000000 0.000000 0.001047 0.999999 0.000000 0.000000 0.000000 0.000000 1.000000 0.000000
0.999999 -0.001324 0.000000 0.000000 0.001324 0.999999 0.000000 0.000000 0.000000 0.000000 1.000000 0.000000
0.999999 -0.001718 0.000000 0.000000 0.001718 0.999999 0.000000 0.000000 0.000000 0.000000 1.000000 0.000000
0.999999 -0.001222 0.000000 0.000000 0.001222 0.999999 0.000000 0.000000 0.000000 0.000000 1.000000 0.000000
0.999999 -0.001186 0.000000 0.000000 0.001186 0.999999 0.000000 0.000000 0.000000 0.000000 1.000000 0.000000
0.999999 -0.001037 0.000000 0.000000 0.001037 0.999999 0.000000 0.000000 0.000000 0.000000 1.000000 0.000000
1.000000 -0.000486 0.000000 0.000000 0.000486 1.000000 0.000000 0.000000 0.000000 0.000000 1.000000 0.000000
1.000000 0.000349 0.000000 0.000000 -0.000349 1.000000 -0.000000 0.000000 -0.000000 0.000000 1.000000 0.000000
1.000000 0.000132 0.000000 0.000000 -0.000132 1.000000 -0.000000 0.000000 -0.000000 0.000000 1.000000 0.000000
1.000000 -0.000524 0.000000 0.000000 0.000524 1.000000 0.000000 0.000000 0.000000 0.000000 1.000000 0.000000
1.000000 -0.000524 0.000000 0.000000 0.000524 1.000000 0.000000 0.000000 0.000000 0.000000 1.000000 0.000000
1.000000 -0.000524 0.000000 0.000000 0.000524 1.000000 0.000000 0.000000 0.000000 0.000000 1.000000 0.000000
1.000000 -0.000675 0.000000 0.000000 0.000675 1.000000 0.000000 0.000000 0.000000 0.000000 1.000000 0.000000
1.000000 -0.000698 0.000000 0.000000 0.000698 1.000000 0.000000 0.000000 0.000000 0.000000 1.000000 0.000000
1.000000 -0.000524 0.000000 0.000000 0.000524 1.000000 0.000000 0.000000 0.000000 0.000000 1.000000 0.000000
1.000000 -0.000524 0.000000 0.000000 0.000524 1.000000 0.000000 0.000000 0.000000 0.000000 1.000000 0.000000
1.000000 -0.000698 0.000000 0.000000 0.000698 1.000000 0.000000 0.000000 0.000000 0.000000 1.000000 0.000000
0.999999 -0.001087 0.000000 0.000000 0.001087 0.999999 0.000000 0.000000 0.000000 0.000000 1.000000 0.000000
1.000000 -0.000698 0.000000 0.000000 0.000698 1.000000 0.000000 0.000000 0.000000 0.000000 1.000000 0.000000
1.000000 -0.000979 0.000000 0.000000 0.000979 1.000000 0.000000 0.000000 0.000000 0.000000 1.000000 0.000000
0.999999 -0.001418 0.000000 0.000000 0.001418 0.999999 0.000000 0.000000 0.000000 0.000000 1.000000 0.000000
0.999999 -0.001047 0.000000 0.000000 0.001047 0.999999 0.000000 0.000000 0.000000 0.000000 1.000000 0.000000
0.999998 -0.001745 0.000000 0.000000 0.001745 0.999998 0.000000 0.000000 0.000000 0.000000 1.000000 0.000000
0.999998 -0.001745 0.000000 0.000000 0.001745 0.999998 0.000000 0.000000 0.000000 0.000000 1.000000 0.000000
0.999998 -0.002220 0.000000 0.000000 0.002220 0.999998 0.000000 0.000000 0.000000 0.000000 1.000000 0.000000
0.999997 -0.002314 0.000000 0.000000 0.002314 0.999997 0.000000 0.000000 0.000000 0.000000 1.000000 0.000000
0.999998 -0.002094 0.000000 0.000000 0.002094 0.999998 0.000000 0.000000 0.000000 0.000000 1.000000 0.000000
0.999997 -0.002618 0.000000 0.000000 0.002618 0.999997 0.000000 0.000000 0.000000 0.000000 1.000000 0.000000
0.999997 -0.002618 0.000000 0.000000 0.002618 0.999997 0.000000 0.000000 0.000000 0.000000 1.000000 0.000000
0.999997 -0.002618 0.000000 0.000000 0.002618 0.999997 0.000000 0.000000 0.000000 0.000000 1.000000 0.000000
0.999997 -0.002618 0.000000 0.000000 0.002618 0.999997 0.000000 0.000000 0.000000 0.000000 1.000000 0.000000
0.999997 -0.002618 0.000000 0.000000 0.002618 0.999997 0.000000 0.000000 0.000000 0.000000 1.000000 0.000000
0.999997 -0.002618 0.000000 0.000000 0.002618 0.999997 0.000000 0.000000 0.000000 0.000000 1.000000 0.000000
0.999996 -0.002672 0.000000 0.000000 0.002672 0.999996 0.000000 0.000000 0.000000 0.000000 1.000000 0.000000
0.999996 -0.002967 0.000000 0.000000 0.002967 0.999996 0.000000 0.000000 0.000000 0.000000 1.000000 0.000000
0.999996 -0.002967 0.000000 0.000000 0.002967 0.999996 0.000000 0.000000 0.000000 0.000000 1.000000 0.000000
0.999996 -0.002967 0.000000 0.000000 0.002967 0.999996 0.000000 0.000000 0.000000 0.000000 1.000000 0.000000
0.999995 -0.003055 0.000000 0.000000 0.003055 0.999995 0.000000 0.000000 0.000000 0.000000 1.000000 0.000000
0.999995 -0.003142 0.000000 0.000000 0.003142 0.999995 0.000000 0.000000 0.000000 0.000000 1.000000 0.000000
0.999995 -0.003137 0.000000 0.000000 0.003137 0.999995 0.000000 0.000000 0.000000 0.000000 1.000000 0.000000
0.999996 -0.002967 0.000000 0.000000 0.002967 0.999996 0.000000 0.000000 0.000000 0.000000 1.000000 0.000000
0.999996 -0.002679 0.000000 0.000000 0.002679 0.999996 0.000000 0.000000 0.000000 0.000000 1.000000 0.000000
0.999997 -0.002618 0.000000 0.000000 0.002618 0.999997 0.000000 0.000000 0.000000 0.000000 1.000000 0.000000
0.999997 -0.002618 0.000000 0.000000 0.002618 0.999997 0.000000 0.000000 0.000000 0.000000 1.000000 0.000000
0.999994 -0.003376 0.000000 0.000000 0.003376 0.999994 0.000000 0.000000 0.000000 0.000000 1.000000 0.000000
0.999995 -0.003316 0.000000 0.000000 0.003316 0.999995 0.000000 0.000000 0.000000 0.000000 1.000000 0.000000
0.999995 -0.003316 0.000000 0.000000 0.003316 0.999995 0.000000 0.000000 0.000000 0.000000 1.000000 0.000000
0.999995 -0.003142 0.000000 0.000000 0.003142 0.999995 0.000000 0.000000 0.000000 0.000000 1.000000 0.000000
0.999995 -0.003232 0.000000 0.000000 0.003232 0.999995 0.000000 0.000000 0.000000 0.000000 1.000000 0.000000
0.999996 -0.002967 0.000000 0.000000 0.002967 0.999996 0.000000 0.000000 0.000000 0.000000 1.000000 0.000000
0.999998 -0.002022 0.000000 0.000000 0.002022 0.999998 0.000000 0.000000 0.000000 0.000000 1.000000 0.000000
0.999998 -0.001745 0.000000 0.000000 0.001745 0.999998 0.000000 0.000000 0.000000 0.000000 1.000000 0.000000
0.999998 -0.002214 0.000000 0.000000 0.002214 0.999998 0.000000 0.000000 0.000000 0.000000 1.000000 0.000000
0.999998 -0.002094 0.000000 0.000000 0.002094 0.999998 0.000000 0.000000 0.000000 0.000000 1.000000 0.000000
0.999999 -0.001222 0.000000 0.000000 0.001222 0.999999 0.000000 0.000000 0.000000 0.000000 1.000000 0.000000
0.999999 -0.001396 0.000000 0.000000 0.001396 0.999999 0.000000 0.000000 0.000000 0.000000 1.000000 0.000000
0.999999 -0.001143 0.000000 0.000000 0.001143 0.999999 0.000000 0.000000 0.000000 0.000000 1.000000 0.000000
0.999999 -0.001396 0.000000 0.000000 0.001396 0.999999 0.000000 0.000000 0.000000 0.000000 1.000000 0.000000
0.999999 -0.001047 0.000000 0.000000 0.001047 0.999999 0.000000 0.000000 0.000000 0.000000 1.000000 0.000000
1.000000 -0.000698 0.000000 0.000000 0.000698 1.000000 0.000000 0.000000 0.000000 0.000000 1.000000 0.000000
1.000000 -0.000765 0.000000 0.000000 0.000765 1.000000 0.000000 0.000000 0.000000 0.000000 1.000000 0.000000
1.000000 -0.000873 0.000000 0.000000 0.000873 1.000000 0.000000 0.000000 0.000000 0.000000 1.000000 0.000000
1.000000 -0.000840 0.000000 0.000000 0.000840 1.000000 0.000000 0.000000 0.000000 0.000000 1.000000 0.000000
0.999999 -0.001163 0.000000 0.000000 0.001163 0.999999 0.000000 0.000000 0.000000 0.000000 1.000000 0.000000
0.999999 -0.001571 0.000000 0.000000 0.001571 0.999999 0.000000 0.000000 0.000000 0.000000 1.000000 0.000000
0.999998 -0.001745 0.000000 0.000000 0.001745 0.999998 0.000000 0.000000 0.000000 0.000000 1.000000 0.000000
0.999999 -0.001503 0.000000 0.000000 0.001503 0.999999 0.000000 0.000000 0.000000 0.000000 1.000000 0.000000
0.999999 -0.001571 0.000000 0.000000 0.001571 0.999999 0.000000 0.000000 0.000000 0.000000 1.000000 0.000000
0.999999 -0.001571 0.000000 0.000000 0.001571 0.999999 0.000000 0.000000 0.000000 0.000000 1.000000 0.000000
0.999999 -0.001571 0.000000 0.000000 0.001571 0.999999 0.000000 0.000000 0.000000 0.000000 1.000000 0.000000
0.999998 -0.001764 0.000000 0.000000 0.001764 0.999998 0.000000 0.000000 0.000000 0.000000 1.000000 0.000000
0.999998 -0.001745 0.000000 0.000000 0.001745 0.999998 0.000000 0.000000 0.000000 0.000000 1.000000 0.000000
0.999999 -0.001658 0.000000 0.000000 0.001658 0.999999 0.000000 0.000000 0.000000 0.000000 1.000000 0.000000
0.999999 -0.001331 0.000000 0.000000 0.001331 0.999999 0.000000 0.000000 0.000000 0.000000 1.000000 0.000000
0.999999 -0.001571 0.000000 0.000000 0.001571 0.999999 0.000000 0.000000 0.000000 0.000000 1.000000 0.000000
0.999999 -0.001047 0.000000 0.000000 0.001047 0.999999 0.000000 0.000000 0.000000 0.000000 1.000000 0.000000
0.999999 -0.001047 0.000000 0.000000 0.001047 0.999999 0.000000 0.000000 0.000000 0.000000 1.000000 0.000000
0.999999 -0.001106 0.000000 0.000000 0.001106 0.999999 0.000000 0.000000 0.000000 0.000000 1.000000 0.000000
0.999999 -0.001143 0.000000 0.000000 0.001143 0.999999 0.000000 0.000000 0.000000 0.000000 1.000000 0.000000
0.999999 -0.001411 0.000000 0.000000 0.001411 0.999999 0.000000 0.000000 0.000000 0.000000 1.000000 0.000000
0.999998 -0.001745 0.000000 0.000000 0.001745 0.999998 0.000000 0.000000 0.000000 0.000000 1.000000 0.000000
0.999998 -0.001835 0.000000 0.000000 0.001835 0.999998 0.000000 0.000000 0.000000 0.000000 1.000000 0.000000
0.999998 -0.002094 0.000000 0.000000 0.002094 0.999998 0.000000 0.000000 0.000000 0.000000 1.000000 0.000000
0.999998 -0.002174 0.000000 0.000000 0.002174 0.999998 0.000000 0.000000 0.000000 0.000000 1.000000 0.000000
0.999997 -0.002443 0.000000 0.000000 0.002443 0.999997 0.000000 0.000000 0.000000 0.000000 1.000000 0.000000
0.999999 -0.001178 0.000000 0.000000 0.001178 0.999999 0.000000 0.000000 0.000000 0.000000 1.000000 0.000000
0.999999 -0.001354 0.000000 0.000000 0.001354 0.999999 0.000000 0.000000 0.000000 0.000000 1.000000 0.000000
0.999998 -0.001850 0.000000 0.000000 0.001850 0.999998 0.000000 0.000000 0.000000 0.000000 1.000000 0.000000
0.999997 -0.002373 0.000000 0.000000 0.002373 0.999997 0.000000 0.000000 0.000000 0.000000 1.000000 0.000000
0.999997 -0.002333 0.000000 0.000000 0.002333 0.999997 0.000000 0.000000 0.000000 0.000000 1.000000 0.000000
0.999787 -0.020633 0.000000 0.022783 0.020633 0.999787 0.000000 0.000245 0.000000 0.000000 1.000000 0.000000
0.999902 -0.014022 0.000000 0.107266 0.014022 0.999902 0.000000 0.001920 0.000000 0.000000 1.000000 0.000000
0.998235 0.059388 0.000000 0.234783 -0.059388 0.998235 -0.000000 0.000036 -0.000000 0.000000 1.000000 0.000000
0.986536 0.163546 0.000000 0.335672 -0.163546 0.986536 -0.000000 -0.012458 -0.000000 0.000000 1.000000 0.000000
0.991289 0.131704 0.000000 0.499934 -0.131704 0.991289 -0.000000 -0.037421 -0.000000 0.000000 1.000000 0.000000
0.999928 -0.012000 0.000000 0.713119 0.012000 0.999928 0.000000 -0.054791 0.000000 0.000000 1.000000 0.000000
0.986526 -0.163603 0.000000 0.852711 0.163603 0.986526 0.000000 -0.043275 0.000000 0.000000 1.000000 0.000000
0.993635 -0.112648 0.000000 0.947001 0.112648 0.993635 0.000000 -0.026244 0.000000 0.000000 1.000000 0.000000
0.998737 -0.050244 0.000000 0.961499 0.050244 0.998737 0.000000 -0.024882 0.000000 0.000000 1.000000 0.000000
0.998701 -0.050954 0.000000 0.961457 0.050954 0.998701 0.000000 -0.024885 0.000000 0.000000 1.000000 0.000000
0.998679 -0.051386 0.000000 0.961457 0.051386 0.998679 0.000000 -0.024885 0.000000 0.000000 1.000000 0.000000
0.998664 -0.051673 0.000000 0.961457 0.051673 0.998664 0.000000 -0.024885 0.000000 0.000000 1.000000 0.000000
0.998619 -0.052540 0.000000 0.961457 0.052540 0.998619 0.000000 -0.024885 0.000000 0.000000 1.000000 0.000000
0.998569 -0.053477 0.000000 0.961457 0.053477 0.998569 0.000000 -0.024885 0.000000 0.000000 1.000000 0.000000
0.998574 -0.053390 0.000000 0.961457 0.053390 0.998574 0.000000 -0.024885 0.000000 0.000000 1.000000 0.000000
0.998555 -0.053740 0.000000 0.961457 0.053740 0.998555 0.000000 -0.024885 0.000000 0.000000 1.000000 0.000000
0.998519 -0.054410 0.000000 0.961457 0.054410 0.998519 0.000000 -0.024885 0.000000 0.000000 1.000000 0.000000
0.998517 -0.054434 0.000000 0.961457 0.054434 0.998517 0.000000 -0.024885 0.000000 0.000000 1.000000 0.000000
0.998499 -0.054767 0.000000 0.961457 0.054767 0.998499 0.000000 -0.024885 0.000000 0.000000 1.000000 0.000000
0.998504 -0.054672 0.000000 0.961457 0.054672 0.998504 0.000000 -0.024885 0.000000 0.000000 1.000000 0.000000
0.998499 -0.054776 0.000000 0.961457 0.054776 0.998499 0.000000 -0.024885 0.000000 0.000000 1.000000 0.000000
0.998499 -0.054773 0.000000 0.961457 0.054773 0.998499 0.000000 -0.024885 0.000000 0.000000 1.000000 0.000000
0.998486 -0.055011 0.000000 0.961457 0.055011 0.998486 0.000000 -0.024885 0.000000 0.000000 1.000000 0.000000
0.998423 -0.056146 0.000000 0.961457 0.056146 0.998423 0.000000 -0.024885 0.000000 0.000000 1.000000 0.000000
0.998374 -0.057012 0.000000 0.961457 0.057012 0.998374 0.000000 -0.024885 0.000000 0.000000 1.000000 0.000000
0.998346 -0.057499 0.000000 0.961457 0.057499 0.998346 0.000000 -0.024885 0.000000 0.000000 1.000000 0.000000
0.998323 -0.057886 0.000000 0.961457 0.057886 0.998323 0.000000 -0.024885 0.000000 0.000000 1.000000 0.000000
0.998274 -0.058729 0.000000 0.961457 0.058729 0.998274 0.000000 -0.024885 0.000000 0.000000 1.000000 0.000000
0.998286 -0.058532 0.000000 0.961457 0.058532 0.998286 0.000000 -0.024885 0.000000 0.000000 1.000000 0.000000
0.999693 -0.024781 0.000000 1.029438 0.024781 0.999693 0.000000 -0.021999 0.000000 0.000000 1.000000 0.000000
0.996082 -0.088431 0.000000 1.182326 0.088431 0.996082 0.000000 -0.014996 0.000000 0.000000 1.000000 0.000000
0.994360 -0.106054 0.000000 1.382234 0.106054 0.994360 0.000000 0.006190 0.000000 0.000000 1.000000 0.000000
0.997850 -0.065532 0.000000 1.603511 0.065532 0.997850 0.000000 0.025388 0.000000 0.000000 1.000000 0.000000
0.998734 -0.050305 0.000000 1.750578 0.050305 0.998734 0.000000 0.034844 0.000000 0.000000 1.000000 0.000000
0.999818 -0.019061 0.000000 1.844314 0.019061 0.999818 0.000000 0.037972 0.000000 0.000000 1.000000 0.000000
0.999829 -0.018499 0.000000 1.885964 0.018499 0.999829 0.000000 0.038740 0.000000 0.000000 1.000000 0.000000
0.999812 -0.019411 0.000000 1.885964 0.019411 0.999812 0.000000 0.038740 0.000000 0.000000 1.000000 0.000000
0.999825 -0.018693 0.000000 1.885964 0.018693 0.999825 0.000000 0.038740 0.000000 0.000000 1.000000 0.000000
0.999844 -0.017690 0.000000 1.885964 0.017690 0.999844 0.000000 0.038740 0.000000 0.000000 1.000000 0.000000
0.999865 -0.016435 0.000000 1.885964 0.016435 0.999865 0.000000 0.038740 0.000000 0.000000 1.000000 0.000000
0.999879 -0.015560 0.000000 1.885964 0.015560 0.999879 0.000000 0.038740 0.000000 0.000000 1.000000 0.000000
0.999895 -0.014523 0.000000 1.885964 0.014523 0.999895 0.000000 0.038740 0.000000 0.000000 1.000000 0.000000
0.999912 -0.013293 0.000000 1.885964 0.013293 0.999912 0.000000 0.038740 0.000000 0.000000 1.000000 0.000000
0.999918 -0.012769 0.000000 1.885964 0.012769 0.999918 0.000000 0.038740 0.000000 0.000000 1.000000 0.000000
0.999926 -0.012145 0.000000 1.885964 0.012145 0.999926 0.000000 0.038740 0.000000 0.000000 1.000000 0.000000
0.999960 0.008933 0.000000 1.920293 -0.008933 0.999960 -0.000000 0.039054 -0.000000 0.000000 1.000000 0.000000
0.999979 0.006458 0.000000 2.023140 -0.006458 0.999979 -0.000000 0.038312 -0.000000 0.000000 1.000000 0.000000
0.994995 0.099926 0.000000 2.121646 -0.099926 0.994995 -0.000000 0.034641 -0.000000 0.000000 1.000000 0.000000
0.983000 0.183607 0.000000 2.192934 -0.183607 0.983000 -0.000000 0.024705 -0.000000 0.000000 1.000000 0.000000
0.990203 0.139634 0.000000 2.198353 -0.139634 0.990203 -0.000000 0.023697 -0.000000 0.000000 1.000000 0.000000
0.999821 0.018910 0.000000 2.209880 -0.018910 0.999821 -0.000000 0.022593 -0.000000 0.000000 1.000000 0.000000
0.999819 0.019040 0.000000 2.209837 -0.019040 0.999819 -0.000000 0.022593 -0.000000 0.000000 1.000000 0.000000
0.999797 0.020162 0.000000 2.209837 -0.020162 0.999797 -0.000000 0.022593 -0.000000 0.000000 1.000000 0.000000
0.999773 0.021293 0.000000 2.209837 -0.021293 0.999773 -0.000000 0.022593 -0.000000 0.000000 1.000000 0.000000
0.999768 0.021546 0.000000 2.209837 -0.021546 0.999768 -0.000000 0.022593 -0.000000 0.000000 1.000000 0.000000
0.999750 0.022356 0.000000 2.209837 -0.022356 0.999750 -0.000000 0.022593 -0.000000 0.000000 1.000000 0.000000
0.990490 0.137581 0.000000 2.206944 -0.137581 0.990490 -0.000000 0.022775 -0.000000 0.000000 1.000000 0.000000
0.914684 0.404169 0.000000 2.255955 -0.404169 0.914684 -0.000000 0.006391 -0.000000 0.000000 1.000000 0.000000
0.635165 0.772376 0.000000 2.367401 -0.772376 0.635165 -0.000000 -0.078072 -0.000000 0.000000 1.000000 0.000000
0.321444 0.946928 0.000000 2.433090 -0.946928 0.321444 -0.000000 -0.203195 -0.000000 0.000000 1.000000 0.000000
0.073492 0.997296 0.000000 2.463289 -0.997296 0.073492 -0.000000 -0.351138 -0.000000 0.000000 1.000000 0.000000
-0.043609 0.999049 0.000000 2.465693 -0.999049 -0.043609 -0.000000 -0.452651 -0.000000 0.000000 1.000000 0.000000
-0.063227 0.997999 0.000000 2.454537 -0.997999 -0.063227 -0.000000 -0.637507 -0.000000 0.000000 1.000000 0.000000
-0.043985 0.999032 0.000000 2.440872 -0.999032 -0.043985 -0.000000 -0.877399 -0.000000 0.000000 1.000000 0.000000
-0.009494 0.999955 0.000000 2.436581 -0.999955 -0.009494 -0.000000 -1.030977 -0.000000 0.000000 1.000000 0.000000
0.036133 0.999347 0.000000 2.438122 -0.999347 0.036133 -0.000000 -1.134957 -0.000000 0.000000 1.000000 0.000000
0.093359 0.995633 0.000000 2.438594 -0.995633 0.093359 -0.000000 -1.147447 -0.000000 0.000000 1.000000 0.000000
0.398749 0.917060 0.000000 2.438746 -0.917060 0.398749 -0.000000 -1.148191 -0.000000 0.000000 1.000000 0.000000
0.570002 0.821643 0.000000 2.462731 -0.821643 0.570002 -0.000000 -1.180492 -0.000000 0.000000 1.000000 0.000000
0.264290 0.964443 0.000000 2.516228 -0.964443 0.264290 -0.000000 -1.304951 -0.000000 0.000000 1.000000 0.000000
0.061267 0.998121 0.000000 2.547513 -0.998121 0.061267 -0.000000 -1.508201 -0.000000 0.000000 1.000000 0.000000
-0.016757 0.999860 0.000000 2.551740 -0.999860 -0.016757 -0.000000 -1.744709 -0.000000 0.000000 1.000000 0.000000
-0.146123 0.989266 0.000000 2.537147 -0.989266 -0.146123 -0.000000 -2.005137 -0.000000 0.000000 1.000000 0.000000
-0.253817 0.967252 0.000000 2.534909 -0.967252 -0.253817 -0.000000 -2.020113 -0.000000 0.000000 1.000000 0.000000
-0.514324 0.857596 0.000000 2.535116 -0.857596 -0.514324 -0.000000 -2.019588 -0.000000 0.000000 1.000000 0.000000
-0.697203 0.716873 0.000000 2.535131 -0.716873 -0.697203 -0.000000 -2.019588 -0.000000 0.000000 1.000000 0.000000
-0.857042 0.515246 0.000000 2.534546 -0.515246 -0.857042 -0.000000 -2.020080 -0.000000 0.000000 1.000000 0.000000
-0.974011 0.226499 0.000000 2.534022 -0.226499 -0.974011 -0.000000 -2.020295 -0.000000 0.000000 1.000000 0.000000
-0.983428 -0.181300 0.000000 2.533387 0.181300 -0.983428 0.000000 -2.020333 0.000000 0.000000 1.000000 0.000000
-0.709085 -0.705123 0.000000 2.532768 0.705123 -0.709085 0.000000 -2.020130 0.000000 0.000000 1.000000 0.000000
-0.358198 -0.933646 0.000000 2.532763 0.933646 -0.358198 0.000000 -2.020102 0.000000 0.000000 1.000000 0.000000
0.145422 -0.989370 0.000000 2.532866 0.989370 0.145422 0.000000 -2.020703 0.000000 0.000000 1.000000 0.000000
0.794418 -0.607372 0.000000 2.532066 0.607372 0.794418 0.000000 -2.022012 0.000000 0.000000 1.000000 0.000000
0.980985 0.194085 0.000000 2.529830 -0.194085 0.980985 -0.000000 -2.022443 -0.000000 0.000000 1.000000 0.000000
0.489754 0.871861 0.000000 2.528188 -0.871861 0.489754 -0.000000 -2.021399 -0.000000 0.000000 1.000000 0.000000
-0.228266 0.973599 0.000000 2.528037 -0.973599 -0.228266 -0.000000 -2.020648 -0.000000 0.000000 1.000000 0.000000
-0.745062 0.666995 0.000000 2.499145 -0.666995 -0.745062 -0.000000 -2.056640 -0.000000 0.000000 1.000000 0.000000
-0.971586 0.236685 0.000000 2.312621 -0.236685 -0.971586 -0.000000 -2.144508 -0.000000 0.000000 1.000000 0.000000
-0.998923 -0.046392 0.000000 2.033187 0.046392 -0.998923 0.000000 -2.166358 0.000000 0.000000 1.000000 0.000000
-0.991608 -0.129280 0.000000 1.766513 0.129280 -0.991608 0.000000 -2.142927 0.000000 0.000000 1.000000 0.000000
-0.986599 -0.163165 0.000000 1.604905 0.163165 -0.986599 0.000000 -2.118348 0.000000 0.000000 1.000000 0.000000
-0.988052 -0.154123 0.000000 1.500605 0.154123 -0.988052 0.000000 -2.101032 0.000000 0.000000 1.000000 0.000000
-0.844066 -0.536240 0.000000 1.458076 0.536240 -0.844066 0.000000 -2.091969 0.000000 0.000000 1.000000 0.000000
-0.164888 -0.986312 0.000000 1.447586 0.986312 -0.164888 0.000000 -2.076832 0.000000 0.000000 1.000000 0.000000
0.635068 -0.772457 0.000000 1.451170 0.772457 0.635068 0.000000 -2.061849 0.000000 0.000000 1.000000 0.000000
0.937159 -0.348902 0.000000 1.462193 0.348902 0.937159 0.000000 -2.054449 0.000000 0.000000 1.000000 0.000000
0.994924 0.100633 0.000000 1.473011 -0.100633 0.994924 -0.000000 -2.052582 -0.000000 0.000000 1.000000 0.000000
0.579151 0.815220 0.000000 1.493892 -0.815220 0.579151 -0.000000 -2.071752 -0.000000 0.000000 1.000000 0.000000
-0.277190 0.960815 0.000000 1.509605 -0.960815 -0.277190 -0.000000 -2.157840 -0.000000 0.000000 1.000000 0.000000
-0.930073 0.367375 0.000000 1.399077 -0.367375 -0.930073 -0.000000 -2.262722 -0.000000 0.000000 1.000000 0.000000
-0.997500 -0.070667 0.000000 1.114799 0.070667 -0.997500 0.000000 -2.290851 0.000000 0.000000 1.000000 0.000000
-0.980972 -0.194149 0.000000 0.766827 0.194149 -0.980972 0.000000 -2.241072 0.000000 0.000000 1.000000 0.000000
-0.977445 -0.211192 0.000000 0.461888 0.211192 -0.977445 0.000000 -2.176908 0.000000 0.000000 1.000000 0.000000
-0.987036 -0.160498 0.000000 0.276264 0.160498 -0.987036 0.000000 -2.139703 0.000000 0.000000 1.000000 0.000000
-0.999124 -0.041852 0.000000 0.162715 0.041852 -0.999124 0.000000 -2.127776 0.000000 0.000000 1.000000 0.000000
-0.972485 -0.232967 0.000000 0.098994 0.232967 -0.972485 0.000000 -2.125427 0.000000 0.000000 1.000000 0.000000
-0.481290 -0.876561 0.000000 0.082270 0.876561 -0.481290 0.000000 -2.113372 0.000000 0.000000 1.000000 0.000000
0.363214 -0.931706 0.000000 0.080663 0.931706 0.363214 0.000000 -2.096109 0.000000 0.000000 1.000000 0.000000
0.885609 -0.464431 0.000000 0.090639 0.464431 0.885609 0.000000 -2.085675 0.000000 0.000000 1.000000 0.000000
0.987335 0.158651 0.000000 0.102955 -0.158651 0.987335 -0.000000 -2.082898 -0.000000 0.000000 1.000000 0.000000
0.588588 0.808433 0.000000 0.112188 -0.808433 0.588588 -0.000000 -2.088762 -0.000000 0.000000 1.000000 0.000000
-0.049344 0.998782 0.000000 0.115700 -0.998782 -0.049344 -0.000000 -2.099714 -0.000000 0.000000 1.000000 0.000000
-0.735601 0.677415 0.000000 0.092295 -0.677415 -0.735601 -0.000000 -2.156741 -0.000000 0.000000 1.000000 0.000000
-0.562353 0.826897 0.000000 0.090541 -0.826897 -0.562353 -0.000000 -2.158717 -0.000000 0.000000 1.000000 0.000000
-0.129236 0.991614 0.000000 0.089793 -0.991614 -0.129236 -0.000000 -2.160438 -0.000000 0.000000 1.000000 0.000000
0.481444 0.876477 0.000000 0.089857 -0.876477 0.481444 -0.000000 -2.161128 -0.000000 0.000000 1.000000 0.000000
0.886976 0.461816 0.000000 0.090336 -0.461816 0.886976 -0.000000 -2.161706 -0.000000 0.000000 1.000000 0.000000
0.983498 0.180917 0.000000 0.090475 -0.180917 0.983498 -0.000000 -2.161793 -0.000000 0.000000 1.000000 0.000000
0.999976 -0.006981 0.000000 0.090190 0.006981 0.999976 0.000000 -2.161762 0.000000 0.000000 1.000000 0.000000
0.999985 -0.005499 0.000000 0.090190 0.005499 0.999985 0.000000 -2.161762 0.000000 0.000000 1.000000 0.000000
0.999991 -0.004291 0.000000 0.090190 0.004291 0.999991 0.000000 -2.161762 0.000000 0.000000 1.000000 0.000000
0.999995 -0.003190 0.000000 0.090190 0.003190 0.999995 0.000000 -2.161762 0.000000 0.000000 1.000000 0.000000
0.999997 -0.002225 0.000000 0.090190 0.002225 0.999997 0.000000 -2.161762 0.000000 0.000000 1.000000 0.000000
0.998536 0.054086 0.000000 0.089523 -0.054086 0.998536 -0.000000 -2.161752 -0.000000 0.000000 1.000000 0.000000
0.947258 0.320471 0.000000 0.087730 -0.320471 0.947258 -0.000000 -2.161471 -0.000000 0.000000 1.000000 0.000000
0.679703 0.733488 0.000000 0.087345 -0.733488 0.679703 -0.000000 -2.161260 -0.000000 0.000000 1.000000 0.000000
0.108168 0.994133 0.000000 0.087116 -0.994133 0.108168 -0.000000 -2.160751 -0.000000 0.000000 1.000000 0.000000
-0.610585 0.791951 0.000000 0.080086 -0.791951 -0.610585 -0.000000 -2.176134 -0.000000 0.000000 1.000000 0.000000
-0.993335 0.115265 0.000000 0.016228 -0.115265 -0.993335 -0.000000 -2.211086 -0.000000 0.000000 1.000000 0.000000
-0.754050 -0.656817 0.000000 -0.071890 0.656817 -0.754050 0.000000 -2.182578 0.000000 0.000000 1.000000 0.000000
-0.155265 -0.987873 0.000000 -0.142276 0.987873 -0.155265 0.000000 -2.022573 0.000000 0.000000 1.000000 0.000000
0.055886 -0.998437 0.000000 -0.147381 0.998437 0.055886 0.000000 -1.754778 0.000000 0.000000 1.000000 0.000000
0.178989 -0.983851 0.000000 -0.120761 0.983851 0.178989 0.000000 -1.503584 0.000000 0.000000 1.000000 0.000000
0.245225 -0.969466 0.000000 -0.087176 0.969466 0.245225 0.000000 -1.353200 0.000000 0.000000 1.000000 0.000000
0.386369 -0.922344 0.000000 -0.070550 0.922344 0.386369 0.000000 -1.293359 0.000000 0.000000 1.000000 0.000000
0.697784 -0.716308 0.000000 -0.059613 0.716308 0.697784 0.000000 -1.276838 0.000000 0.000000 1.000000 0.000000
0.911727 -0.410797 0.000000 -0.045649 0.410797 0.911727 0.000000 -1.266710 0.000000 0.000000 1.000000 0.000000
0.979777 0.200092 0.000000 -0.031895 -0.200092 0.979777 -0.000000 -1.264069 -0.000000 0.000000 1.000000 0.000000
0.626820 0.779164 0.000000 -0.021344 -0.779164 0.626820 -0.000000 -1.270799 -0.000000 0.000000 1.000000 0.000000
0.397431 0.917632 0.000000 0.004524 -0.917632 0.397431 -0.000000 -1.307572 -0.000000 0.000000 1.000000 0.000000
-0.163009 0.986625 0.000000 0.007045 -0.986625 -0.163009 -0.000000 -1.321992 -0.000000 0.000000 1.000000 0.000000
-0.841721 0.539913 0.000000 0.000103 -0.539913 -0.841721 -0.000000 -1.332986 -0.000000 0.000000 1.000000 0.000000
-0.956671 -0.291172 0.000000 -0.011212 0.291172 -0.956671 0.000000 -1.334784 0.000000 0.000000 1.000000 0.000000
-0.412772 -0.910834 0.000000 -0.018938 0.910834 -0.412772 0.000000 -1.328139 0.000000 0.000000 1.000000 0.000000
0.226365 -0.974043 0.000000 -0.019816 0.974043 0.226365 0.000000 -1.319089 0.000000 0.000000 1.000000 0.000000
0.758509 -0.651662 0.000000 0.042867 0.651662 0.758509 0.000000 -1.234473 0.000000 0.000000 1.000000 0.000000
0.983266 -0.182177 0.000000 0.261757 0.182177 0.983266 0.000000 -1.136363 0.000000 0.000000 1.000000 0.000000
0.987959 0.154714 0.000000 0.449652 -0.154714 0.987959 -0.000000 -1.129927 -0.000000 0.000000 1.000000 0.000000
0.973553 0.228460 0.000000 0.566396 -0.228460 0.973553 -0.000000 -1.152949 -0.000000 0.000000 1.000000 0.000000
0.875347 0.483495 0.000000 0.621475 -0.483495 0.875347 -0.000000 -1.167878 -0.000000 0.000000 1.000000 0.000000
0.248138 0.968725 0.000000 0.633310 -0.968725 0.248138 -0.000000 -1.182425 -0.000000 0.000000 1.000000 0.000000
-0.587682 0.809092 0.000000 0.630629 -0.809092 -0.587682 -0.000000 -1.198204 -0.000000 0.000000 1.000000 0.000000
-0.991262 0.131905 0.000000 0.568455 -0.131905 -0.991262 -0.000000 -1.227260 -0.000000 0.000000 1.000000 0.000000
-0.933874 -0.357603 0.000000 0.497321 0.357603 -0.933874 0.000000 -1.220647 0.000000 0.000000 1.000000 0.000000
-0.342939 -0.939358 0.000000 0.385101 0.939358 -0.342939 0.000000 -1.086908 0.000000 0.000000 1.000000 0.000000
0.063846 -0.997960 0.000000 0.357145 0.997960 0.063846 0.000000 -0.829034 0.000000 0.000000 1.000000 0.000000
0.160398 -0.987052 0.000000 0.379338 0.987052 0.160398 0.000000 -0.658139 0.000000 0.000000 1.000000 0.000000
0.187850 -0.982198 0.000000 0.417266 0.982198 0.187850 0.000000 -0.436378 0.000000 0.000000 1.000000 0.000000
0.172555 -0.985000 0.000000 0.441622 0.985000 0.172555 0.000000 -0.309323 0.000000 0.000000 1.000000 0.000000
0.147476 -0.989066 0.000000 0.457363 0.989066 0.147476 0.000000 -0.209247 0.000000 0.000000 1.000000 0.000000
0.262615 -0.964901 0.000000 0.458363 0.964901 0.262615 0.000000 -0.202839 0.000000 0.000000 1.000000 0.000000
0.607840 -0.794059 0.000000 0.458551 0.794059 0.607840 0.000000 -0.202423 0.000000 0.000000 1.000000 0.000000
0.884555 -0.466436 0.000000 0.458133 0.466436 0.884555 0.000000 -0.202807 0.000000 0.000000 1.000000 0.000000
0.942222 -0.334990 0.000000 0.458294 0.334990 0.942222 0.000000 -0.202768 0.000000 0.000000 1.000000 0.000000
0.869008 -0.494797 0.000000 0.459672 0.494797 0.869008 0.000000 -0.202126 0.000000 0.000000 1.000000 0.000000
0.730808 -0.682583 0.000000 0.460576 0.682583 0.730808 0.000000 -0.201542 0.000000 0.000000 1.000000 0.000000
0.340151 -0.940371 0.000000 0.463714 0.940371 0.340151 0.000000 -0.196637 0.000000 0.000000 1.000000 0.000000
-0.274819 -0.961496 0.000000 0.461291 0.961496 -0.274819 0.000000 -0.144633 0.000000 0.000000 1.000000 0.000000
-0.848858 -0.528620 0.000000 0.401083 0.528620 -0.848858 0.000000 -0.067812 0.000000 0.000000 1.000000 0.000000
-0.995492 -0.094842 0.000000 0.217648 0.094842 -0.995492 0.000000 -0.015184 0.000000 0.000000 1.000000 0.000000
-0.995197 0.097891 0.000000 0.003514 -0.097891 -0.995197 -0.000000 -0.016576 -0.000000 0.000000 1.000000 0.000000
-0.986987 0.160799 0.000000 -0.122712 -0.160799 -0.986987 -0.000000 -0.033396 -0.000000 0.000000 1.000000 0.000000
-0.979520 0.201346 0.000000 -0.212238 -0.201346 -0.979520 -0.000000 -0.049476 -0.000000 0.000000 1.000000 0.000000
-0.698019 0.716079 0.000000 -0.228845 -0.716079 -0.698019 -0.000000 -0.057411 -0.000000 0.000000 1.000000 0.000000
0.019081 0.999818 0.000000 -0.234591 -0.999818 0.019081 -0.000000 -0.070888 -0.000000 0.000000 1.000000 0.000000
0.736570 0.676361 0.000000 -0.229880 -0.676361 0.736570 -0.000000 -0.081967 -0.000000 0.000000 1.000000 0.000000
0.963997 0.265914 0.000000 -0.220569 -0.265914 0.963997 -0.000000 -0.086818 -0.000000 0.000000 1.000000 0.000000
0.999296 -0.037516 0.000000 -0.212787 0.037516 0.999296 0.000000 -0.087847 0.000000 0.000000 1.000000 0.000000
0.999335 -0.036469 0.000000 -0.212787 0.036469 0.999335 0.000000 -0.087847 0.000000 0.000000 1.000000 0.000000
0.999335 -0.036469 0.000000 -0.212787 0.036469 0.999335 0.000000 -0.087847 0.000000 0.000000 1.000000 0.000000
0.999335 -0.036469 0.000000 -0.212787 0.036469 0.999335 0.000000 -0.087847 0.000000 0.000000 1.000000 0.000000
0.999335 -0.036469 0.000000 -0.212787 0.036469 0.999335 0.000000 -0.087847 0.000000 0.000000 1.000000 0.000000
0.999335 -0.036469 0.000000 -0.212787 0.036469 0.999335 0.000000 -0.087847 0.000000 0.000000 1.000000 0.000000
0.999335 -0.036469 0.000000 -0.212787 0.036469 0.999335 0.000000 -0.087847 0.000000 0.000000 1.000000 0.000000
0.999335 -0.036469 0.000000 -0.212787 0.036469 0.999335 0.000000 -0.087847 0.000000 0.000000 1.000000 0.000000
0.999335 -0.036469 0.000000 -0.212787 0.036469 0.999335 0.000000 -0.087847 0.000000 0.000000 1.000000 0.000000
0.999335 -0.036469 0.000000 -0.212787 0.036469 0.999335 0.000000 -0.087847 0.000000 0.000000 1.000000 0.000000
0.999335 -0.036469 0.000000 -0.212787 0.036469 0.999335 0.000000 -0.087847 0.000000 0.000000 1.000000 0.000000
0.999335 -0.036469 0.000000 -0.212787 0.036469 0.999335 0.000000 -0.087847 0.000000 0.000000 1.000000 0.000000
0.999335 -0.036469 0.000000 -0.212787 0.036469 0.999335 0.000000 -0.087847 0.000000 0.000000 1.000000 0.000000
0.999335 -0.036469 0.000000 -0.212787 0.036469 0.999335 0.000000 -0.087847 0.000000 0.000000 1.000000 0.000000
0.999335 -0.036469 0.000000 -0.212787 0.036469 0.999335 0.000000 -0.087847 0.000000 0.000000 1.000000 0.000000
0.999335 -0.036469 0.000000 -0.212787 0.036469 0.999335 0.000000 -0.087847 0.000000 0.000000 1.000000 0.000000
0.999335 -0.036469 0.000000 -0.212787 0.036469 0.999335 0.000000 -0.087847 0.000000 0.000000 1.000000 0.000000
0.999335 -0.036469 0.000000 -0.212787 0.036469 0.999335 0.000000 -0.087847 0.000000 0.000000 1.000000 0.000000
0.999335 -0.036469 0.000000 -0.212787 0.036469 0.999335 0.000000 -0.087847 0.000000 0.000000 1.000000 0.000000
0.999335 -0.036469 0.000000 -0.212787 0.036469 0.999335 0.000000 -0.087847 0.000000 0.000000 1.000000 0.000000
0.999335 -0.036469 0.000000 -0.212787 0.036469 0.999335 0.000000 -0.087847 0.000000 0.000000 1.000000 0.000000
0.999335 -0.036469 0.000000 -0.212787 0.036469 0.999335 0.000000 -0.087847 0.000000 0.000000 1.000000 0.000000
0.999335 -0.036469 0.000000 -0.212787 0.036469 0.999335 0.000000 -0.087847 0.000000 0.000000 1.000000 0.000000
0.999335 -0.036469 0.000000 -0.212787 0.036469 0.999335 0.000000 -0.087847 0.000000 0.000000 1.000000 0.000000
0.999335 -0.036469 0.000000 -0.212787 0.036469 0.999335 0.000000 -0.087847 0.000000 0.000000 1.000000 0.000000
0.999335 -0.036469 0.000000 -0.212787 0.036469 0.999335 0.000000 -0.087847 0.000000 0.000000 1.000000 0.000000
0.999335 -0.036469 0.000000 -0.212787 0.036469 0.999335 0.000000 -0.087847 0.000000 0.000000 1.000000 0.000000
0.999335 -0.036469 0.000000 -0.212787 0.036469 0.999335 0.000000 -0.087847 0.000000 0.000000 1.000000 0.000000
0.999335 -0.036469 0.000000 -0.212787 0.036469 0.999335 0.000000 -0.087847 0.000000 0.000000 1.000000 0.000000
0.999316 -0.036987 0.000000 -0.212787 0.036987 0.999316 0.000000 -0.087847 0.000000 0.000000 1.000000 0.000000
0.999322 -0.036818 0.000000 -0.212787 0.036818 0.999322 0.000000 -0.087847 0.000000 0.000000 1.000000 0.000000
0.999322 -0.036818 0.000000 -0.212787 0.036818 0.999322 0.000000 -0.087847 0.000000 0.000000 1.000000 0.000000
0.999322 -0.036818 0.000000 -0.212787 0.036818 0.999322 0.000000 -0.087847 0.000000 0.000000 1.000000 0.000000
0.999322 -0.036818 0.000000 -0.212787 0.036818 0.999322 0.000000 -0.087847 0.000000 0.000000 1.000000 0.000000
0.999322 -0.036818 0.000000 -0.212787 0.036818 0.999322 0.000000 -0.087847 0.000000 0.000000 1.000000 0.000000
0.999322 -0.036818 0.000000 -0.212787 0.036818 0.999322 0.000000 -0.087847 0.000000 0.000000 1.000000 0.000000
0.999322 -0.036818 0.000000 -0.212787 0.036818 0.999322 0.000000 -0.087847 0.000000 0.000000 1.000000 0.000000
0.999322 -0.036818 0.000000 -0.212787 0.036818 0.999322 0.000000 -0.087847 0.000000 0.000000 1.000000 0.000000
0.999322 -0.036818 0.000000 -0.212787 0.036818 0.999322 0.000000 -0.087847 0.000000 0.000000 1.000000 0.000000
0.999322 -0.036818 0.000000 -0.212787 0.036818 0.999322 0.000000 -0.087847 0.000000 0.000000 1.000000 0.000000
0.999322 -0.036818 0.000000 -0.212787 0.036818 0.999322 0.000000 -0.087847 0.000000 0.000000 1.000000 0.000000
0.999322 -0.036818 0.000000 -0.212787 0.036818 0.999322 0.000000 -0.087847 0.000000 0.000000 1.000000 0.000000
0.999322 -0.036818 0.000000 -0.212787 0.036818 0.999322 0.000000 -0.087847 0.000000 0.000000 1.000000 0.000000
0.999309 -0.037167 0.000000 -0.212787 0.037167 0.999309 0.000000 -0.087847 0.000000 0.000000 1.000000 0.000000
0.999309 -0.037167 0.000000 -0.212787 0.037167 0.999309 0.000000 -0.087847 0.000000 0.000000 1.000000 0.000000
0.999309 -0.037167 0.000000 -0.212787 0.037167 0.999309 0.000000 -0.087847 0.000000 0.000000 1.000000 0.000000
0.999309 -0.037167 0.000000 -0.212787 0.037167 0.999309 0.000000 -0.087847 0.000000 0.000000 1.000000 0.000000
0.999309 -0.037167 0.000000 -0.212787 0.037167 0.999309 0.000000 -0.087847 0.000000 0.000000 1.000000 0.000000
0.999309 -0.037167 0.000000 -0.212787 0.037167 0.999309 0.000000 -0.087847 0.000000 0.000000 1.000000 0.000000
0.999309 -0.037167 0.000000 -0.212787 0.037167 0.999309 0.000000 -0.087847 0.000000 0.000000 1.000000 0.000000
0.999303 -0.037341 0.000000 -0.212787 0.037341 0.999303 0.000000 -0.087847 0.000000 0.000000 1.000000 0.000000
0.999328 -0.036644 0.000000 -0.212787 0.036644 0.999328 0.000000 -0.087847 0.000000 0.000000 1.000000 0.000000
0.999335 -0.036457 0.000000 -0.212787 0.036457 0.999335 0.000000 -0.087847 0.000000 0.000000 1.000000 0.000000
0.999335 -0.036469 0.000000 -0.212787 0.036469 0.999335 0.000000 -0.087847 0.000000 0.000000 1.000000 0.000000
0.999342 -0.036273 0.000000 -0.212787 0.036273 0.999342 0.000000 -0.087847 0.000000 0.000000 1.000000 0.000000
0.999347 -0.036120 0.000000 -0.212787 0.036120 0.999347 0.000000 -0.087847 0.000000 0.000000 1.000000 0.000000
0.999347 -0.036120 0.000000 -0.212787 0.036120 0.999347 0.000000 -0.087847 0.000000 0.000000 1.000000 0.000000
0.999347 -0.036120 0.000000 -0.212787 0.036120 0.999347 0.000000 -0.087847 0.000000 0.000000 1.000000 0.000000
0.999347 -0.036120 0.000000 -0.212787 0.036120 0.999347 0.000000 -0.087847 0.000000 0.000000 1.000000 0.000000
0.999347 -0.036120 0.000000 -0.212787 0.036120 0.999347 0.000000 -0.087847 0.000000 0.000000 1.000000 0.000000
0.999347 -0.036120 0.000000 -0.212787 0.036120 0.999347 0.000000 -0.087847 0.000000 0.000000 1.000000 0.000000
0.999347 -0.036120 0.000000 -0.212787 0.036120 0.999347 0.000000 -0.087847 0.000000 0.000000 1.000000 0.000000
0.999347 -0.036120 0.000000 -0.212787 0.036120 0.999347 0.000000 -0.087847 0.000000 0.000000 1.000000 0.000000
0.999354 -0.035946 0.000000 -0.212787 0.035946 0.999354 0.000000 -0.087847 0.000000 0.000000 1.000000 0.000000
0.999354 -0.035946 0.000000 -0.212787 0.035946 0.999354 0.000000 -0.087847 0.000000 0.000000 1.000000 0.000000
0.999354 -0.035946 0.000000 -0.212787 0.035946 0.999354 0.000000 -0.087847 0.000000 0.000000 1.000000 0.000000
0.999354 -0.035946 0.000000 -0.212787 0.035946 0.999354 0.000000 -0.087847 0.000000 0.000000 1.000000 0.000000
0.999354 -0.035946 0.000000 -0.212787 0.035946 0.999354 0.000000 -0.087847 0.000000 0.000000 1.000000 0.000000
0.999335 -0.036469 0.000000 -0.212787 0.036469 0.999335 0.000000 -0.087847 0.000000 0.000000 1.000000 0.000000
0.999335 -0.036469 0.000000 -0.212787 0.036469 0.999335 0.000000 -0.087847 0.000000 0.000000 1.000000 0.000000
0.999335 -0.036469 0.000000 -0.212787 0.036469 0.999335 0.000000 -0.087847 0.000000 0.000000 1.000000 0.000000
0.999335 -0.036469 0.000000 -0.212787 0.036469 0.999335 0.000000 -0.087847 0.000000 0.000000 1.000000 0.000000
0.999335 -0.036469 0.000000 -0.212787 0.036469 0.999335 0.000000 -0.087847 0.000000 0.000000 1.000000 0.000000
0.999335 -0.036469 0.000000 -0.212787 0.036469 0.999335 0.000000 -0.087847 0.000000 0.000000 1.000000 0.000000
0.999335 -0.036469 0.000000 -0.212787 0.036469 0.999335 0.000000 -0.087847 0.000000 0.000000 1.000000 0.000000
0.999335 -0.036469 0.000000 -0.212787 0.036469 0.999335 0.000000 -0.087847 0.000000 0.000000 1.000000 0.000000
0.999335 -0.036469 0.000000 -0.212787 0.036469 0.999335 0.000000 -0.087847 0.000000 0.000000 1.000000 0.000000
0.999335 -0.036469 0.000000 -0.212787 0.036469 0.999335 0.000000 -0.087847 0.000000 0.000000 1.000000 0.000000
0.999335 -0.036469 0.000000 -0.212787 0.036469 0.999335 0.000000 -0.087847 0.000000 0.000000 1.000000 0.000000
0.999335 -0.036469 0.000000 -0.212787 0.036469 0.999335 0.000000 -0.087847 0.000000 0.000000 1.000000 0.000000
0.999335 -0.036469 0.000000 -0.212787 0.036469 0.999335 0.000000 -0.087847 0.000000 0.000000 1.000000 0.000000
0.999335 -0.036469 0.000000 -0.212787 0.036469 0.999335 0.000000 -0.087847 0.000000 0.000000 1.000000 0.000000
0.999328 -0.036644 0.000000 -0.212787 0.036644 0.999328 0.000000 -0.087847 0.000000 0.000000 1.000000 0.000000
0.999335 -0.036469 0.000000 -0.212787 0.036469 0.999335 0.000000 -0.087847 0.000000 0.000000 1.000000 0.000000
0.999335 -0.036469 0.000000 -0.212787 0.036469 0.999335 0.000000 -0.087847 0.000000 0.000000 1.000000 0.000000
0.999335 -0.036469 0.000000 -0.212787 0.036469 0.999335 0.000000 -0.087847 0.000000 0.000000 1.000000 0.000000
