1.000000 0.000000 0.000000 0.000000 0.000000 1.000000 0.000000 0.000000 0.000000 0.000000 1.000000 0.000000
1.000000 0.000000 0.000000 0.000000 0.000000 1.000000 0.000000 0.000000 0.000000 0.000000 1.000000 0.000000
1.000000 0.000000 0.000000 0.000000 0.000000 1.000000 0.000000 0.000000 0.000000 0.000000 1.000000 0.000000
1.000000 0.000000 0.000000 0.000000 0.000000 1.000000 0.000000 0.000000 0.000000 0.000000 1.000000 0.000000
1.000000 0.000000 0.000000 0.000000 0.000000 1.000000 0.000000 0.000000 0.000000 0.000000 1.000000 0.000000
1.000000 0.000000 0.000000 0.000000 0.000000 1.000000 0.000000 0.000000 0.000000 0.000000 1.000000 0.000000
1.000000 0.000000 0.000000 0.000000 0.000000 1.000000 0.000000 0.000000 0.000000 0.000000 1.000000 0.000000
1.000000 0.000000 0.000000 0.000000 0.000000 1.000000 0.000000 0.000000 0.000000 0.000000 1.000000 0.000000
1.000000 0.000000 0.000000 0.000000 0.000000 1.000000 0.000000 0.000000 0.000000 0.000000 1.000000 0.000000
1.000000 0.000000 0.000000 0.000000 0.000000 1.000000 0.000000 0.000000 0.000000 0.000000 1.000000 0.000000
1.000000 0.000000 0.000000 0.000000 0.000000 1.000000 0.000000 0.000000 0.000000 0.000000 1.000000 0.000000
1.000000 0.000000 0.000000 0.000000 0.000000 1.000000 0.000000 0.000000 0.000000 0.000000 1.000000 0.000000
1.000000 0.000000 0.000000 0.000000 0.000000 1.000000 0.000000 0.000000 0.000000 0.000000 1.000000 0.000000
1.000000 0.000000 0.000000 0.000000 0.000000 1.000000 0.000000 0.000000 0.000000 0.000000 1.000000 0.000000
1.000000 0.000000 0.000000 0.000000 0.000000 1.000000 0.000000 0.000000 0.000000 0.000000 1.000000 0.000000
1.000000 0.000000 0.000000 0.000000 0.000000 1.000000 0.000000 0.000000 0.000000 0.000000 1.000000 0.000000
1.000000 0.000000 0.000000 0.000000 0.000000 1.000000 0.000000 0.000000 0.000000 0.000000 1.000000 0.000000
1.000000 0.000000 0.000000 0.000000 0.000000 1.000000 0.000000 0.000000 0.000000 0.000000 1.000000 0.000000
1.000000 0.000000 0.000000 0.000000 0.000000 1.000000 0.000000 0.000000 0.000000 0.000000 1.000000 0.000000
1.000000 0.000000 0.000000 0.000000 0.000000 1.000000 0.000000 0.000000 0.000000 0.000000 1.000000 0.000000
1.000000 0.000000 0.000000 0.000000 0.000000 1.000000 0.000000 0.000000 0.000000 0.000000 1.000000 0.000000
1.000000 0.000000 0.000000 0.000000 0.000000 1.000000 0.000000 0.000000 0.000000 0.000000 1.000000 0.000000
1.000000 0.000000 0.000000 0.000000 0.000000 1.000000 0.000000 0.000000 0.000000 0.000000 1.000000 0.000000
1.000000 0.000000 0.000000 0.000000 0.000000 1.000000 0.000000 0.000000 0.000000 0.000000 1.000000 0.000000
1.000000 0.000000 0.000000 0.000000 0.000000 1.000000 0.000000 0.000000 0.000000 0.000000 1.000000 0.000000
1.000000 0.000000 0.000000 0.000000 0.000000 1.000000 0.000000 0.000000 0.000000 0.000000 1.000000 0.000000
1.000000 0.000000 0.000000 0.000000 0.000000 1.000000 0.000000 0.000000 0.000000 0.000000 1.000000 0.000000
1.000000 0.000000 0.000000 0.000000 0.000000 1.000000 0.000000 0.000000 0.000000 0.000000 1.000000 0.000000
1.000000 0.000000 0.000000 0.000000 0.000000 1.000000 0.000000 0.000000 0.000000 0.000000 1.000000 0.000000
1.000000 0.000000 0.000000 0.000000 0.000000 1.000000 0.000000 0.000000 0.000000 0.000000 1.000000 0.000000
1.000000 0.000000 0.000000 0.000000 0.000000 1.000000 0.000000 0.000000 0.000000 0.000000 1.000000 0.000000
1.000000 0.000000 0.000000 0.000000 0.000000 1.000000 0.000000 0.000000 0.000000 0.000000 1.000000 0.000000
1.000000 0.000000 0.000000 0.000000 0.000000 1.000000 0.000000 0.000000 0.000000 0.000000 1.000000 0.000000
1.000000 0.000000 0.000000 0.000000 0.000000 1.000000 0.000000 0.000000 0.000000 0.000000 1.000000 0.000000
1.000000 0.000000 0.000000 0.000000 0.000000 1.000000 0.000000 0.000000 0.000000 0.000000 1.000000 0.000000
1.000000 0.000000 0.000000 0.000000 0.000000 1.000000 0.000000 0.000000 0.000000 0.000000 1.000000 0.000000
1.000000 0.000000 0.000000 0.000000 0.000000 1.000000 0.000000 0.000000 0.000000 0.000000 1.000000 0.000000
1.000000 0.000000 0.000000 0.000000 0.000000 1.000000 0.000000 0.000000 0.000000 0.000000 1.000000 0.000000
1.000000 0.000000 0.000000 0.000000 0.000000 1.000000 0.000000 0.000000 0.000000 0.000000 1.000000 0.000000
1.000000 0.000000 0.000000 0.000000 0.000000 1.000000 0.000000 0.000000 0.000000 0.000000 1.000000 0.000000
1.000000 0.000000 0.000000 0.000000 0.000000 1.000000 0.000000 0.000000 0.000000 0.000000 1.000000 0.000000
1.000000 0.000000 0.000000 0.000000 0.000000 1.000000 0.000000 0.000000 0.000000 0.000000 1.000000 0.000000
1.000000 0.000000 0.000000 0.000000 0.000000 1.000000 0.000000 0.000000 0.000000 0.000000 1.000000 0.000000
1.000000 0.000000 0.000000 0.000000 0.000000 1.000000 0.000000 0.000000 0.000000 0.000000 1.000000 0.000000
1.000000 0.000000 0.000000 0.000000 0.000000 1.000000 0.000000 0.000000 0.000000 0.000000 1.000000 0.000000
1.000000 0.000000 0.000000 0.000000 0.000000 1.000000 0.000000 0.000000 0.000000 0.000000 1.000000 0.000000
1.000000 0.000000 0.000000 0.000000 0.000000 1.000000 0.000000 0.000000 0.000000 0.000000 1.000000 0.000000
1.000000 0.000000 0.000000 0.000000 0.000000 1.000000 0.000000 0.000000 0.000000 0.000000 1.000000 0.000000
1.000000 0.000000 0.000000 0.000000 0.000000 1.000000 0.000000 0.000000 0.000000 0.000000 1.000000 0.000000
1.000000 0.000000 0.000000 0.000000 0.000000 1.000000 0.000000 0.000000 0.000000 0.000000 1.000000 0.000000
1.000000 0.000000 0.000000 0.000000 0.000000 1.000000 0.000000 0.000000 0.000000 0.000000 1.000000 0.000000
1.000000 0.000000 0.000000 0.000000 0.000000 1.000000 0.000000 0.000000 0.000000 0.000000 1.000000 0.000000
1.000000 0.000000 0.000000 0.000000 0.000000 1.000000 0.000000 0.000000 0.000000 0.000000 1.000000 0.000000
1.000000 0.000000 0.000000 0.000000 0.000000 1.000000 0.000000 0.000000 0.000000 0.000000 1.000000 0.000000
1.000000 0.000000 0.000000 0.000000 0.000000 1.000000 0.000000 0.000000 0.000000 0.000000 1.000000 0.000000
1.000000 0.000000 0.000000 0.000000 0.000000 1.000000 0.000000 0.000000 0.000000 0.000000 1.000000 0.000000
1.000000 0.000000 0.000000 0.000000 0.000000 1.000000 0.000000 0.000000 0.000000 0.000000 1.000000 0.000000
0.999350 -0.036039 0.000000 0.036523 0.036039 0.999350 0.000000 0.000471 0.000000 0.000000 1.000000 0.000000
0.997260 -0.073975 0.000000 0.103963 0.073975 0.997260 0.000000 0.003808 0.000000 0.000000 1.000000 0.000000
0.985362 -0.170478 0.000000 0.131398 0.170478 0.985362 0.000000 0.008244 0.000000 0.000000 1.000000 0.000000
0.929392 -0.369094 0.000000 0.135119 0.369094 0.929392 0.000000 0.009279 0.000000 0.000000 1.000000 0.000000
0.816227 -0.577731 0.000000 0.139056 0.577731 0.816227 0.000000 0.011394 0.000000 0.000000 1.000000 0.000000
0.606338 -0.795207 0.000000 0.160786 0.795207 0.606338 0.000000 0.035330 0.000000 0.000000 1.000000 0.000000
0.423678 -0.905813 0.000000 0.252576 0.905813 0.423678 0.000000 0.188299 0.000000 0.000000 1.000000 0.000000
0.417974 -0.908459 0.000000 0.352986 0.908459 0.417974 0.000000 0.417130 0.000000 0.000000 1.000000 0.000000
0.475145 -0.879907 0.000000 0.431713 0.879907 0.475145 0.000000 0.585924 0.000000 0.000000 1.000000 0.000000
0.682045 -0.731311 0.000000 0.440611 0.731311 0.682045 0.000000 0.599590 0.000000 0.000000 1.000000 0.000000
0.870865 -0.491522 0.000000 0.447725 0.491522 0.870865 0.000000 0.605306 0.000000 0.000000 1.000000 0.000000
0.993212 0.116318 0.000000 0.458194 -0.116318 0.993212 -0.000000 0.608495 -0.000000 0.000000 1.000000 0.000000
0.627203 0.778856 0.000000 0.463376 -0.778856 0.627203 -0.000000 0.605756 -0.000000 0.000000 1.000000 0.000000
0.203700 0.979033 0.000000 0.465580 -0.979033 0.203700 -0.000000 0.601440 -0.000000 0.000000 1.000000 0.000000
-0.538269 0.842773 0.000000 0.465096 -0.842773 -0.538269 -0.000000 0.597928 -0.000000 0.000000 1.000000 0.000000
-0.990568 0.137021 0.000000 0.462223 -0.137021 -0.990568 -0.000000 0.596101 -0.000000 0.000000 1.000000 0.000000
-0.706116 -0.708097 0.000000 0.403896 0.708097 -0.706116 0.000000 0.624381 0.000000 0.000000 1.000000 0.000000
0.172854 -0.984947 0.000000 0.376172 0.984947 0.172854 0.000000 0.709157 0.000000 0.000000 1.000000 0.000000
0.907273 -0.420542 0.000000 0.442453 0.420542 0.907273 0.000000 0.795312 0.000000 0.000000 1.000000 0.000000
0.987682 0.156475 0.000000 0.536045 -0.156475 0.987682 -0.000000 0.802733 -0.000000 0.000000 1.000000 0.000000
0.975078 0.221862 0.000000 0.567982 -0.221862 0.975078 -0.000000 0.796857 -0.000000 0.000000 1.000000 0.000000
0.996547 0.083025 0.000000 0.572572 -0.083025 0.996547 -0.000000 0.796068 -0.000000 0.000000 1.000000 0.000000
0.998038 0.062616 0.000000 0.572699 -0.062616 0.998038 -0.000000 0.796057 -0.000000 0.000000 1.000000 0.000000
0.998027 0.062791 0.000000 0.572699 -0.062791 0.998027 -0.000000 0.796057 -0.000000 0.000000 1.000000 0.000000
0.998038 0.062616 0.000000 0.572699 -0.062616 0.998038 -0.000000 0.796057 -0.000000 0.000000 1.000000 0.000000
0.997970 0.063685 0.000000 0.572699 -0.063685 0.997970 -0.000000 0.796057 -0.000000 0.000000 1.000000 0.000000
0.997949 0.064010 0.000000 0.572699 -0.064010 0.997949 -0.000000 0.796057 -0.000000 0.000000 1.000000 0.000000
0.997949 0.064019 0.000000 0.572699 -0.064019 0.997949 -0.000000 0.796057 -0.000000 0.000000 1.000000 0.000000
0.997899 0.064795 0.000000 0.572699 -0.064795 0.997899 -0.000000 0.796057 -0.000000 0.000000 1.000000 0.000000
0.997880 0.065081 0.000000 0.572699 -0.065081 0.997880 -0.000000 0.796057 -0.000000 0.000000 1.000000 0.000000
0.997877 0.065119 0.000000 0.572699 -0.065119 0.997877 -0.000000 0.796057 -0.000000 0.000000 1.000000 0.000000
0.997822 0.065961 0.000000 0.572699 -0.065961 0.997822 -0.000000 0.796057 -0.000000 0.000000 1.000000 0.000000
0.997801 0.066274 0.000000 0.572699 -0.066274 0.997801 -0.000000 0.796057 -0.000000 0.000000 1.000000 0.000000
0.997798 0.066321 0.000000 0.572699 -0.066321 0.997798 -0.000000 0.796057 -0.000000 0.000000 1.000000 0.000000
0.997799 0.066305 0.000000 0.572699 -0.066305 0.997799 -0.000000 0.796057 -0.000000 0.000000 1.000000 0.000000
0.997809 0.066168 0.000000 0.572699 -0.066168 0.997809 -0.000000 0.796057 -0.000000 0.000000 1.000000 0.000000
0.997743 0.067145 0.000000 0.572699 -0.067145 0.997743 -0.000000 0.796057 -0.000000 0.000000 1.000000 0.000000
0.999897 -0.014324 0.000000 0.617805 0.014324 0.999897 0.000000 0.794308 0.000000 0.000000 1.000000 0.000000
0.917806 -0.397029 0.000000 0.742648 0.397029 0.917806 0.000000 0.822681 0.000000 0.000000 1.000000 0.000000
0.696114 -0.717932 0.000000 0.903073 0.717932 0.696114 0.000000 0.941496 0.000000 0.000000 1.000000 0.000000
0.608770 -0.793347 0.000000 1.061717 0.793347 0.608770 0.000000 1.129095 0.000000 0.000000 1.000000 0.000000
0.550425 -0.834885 0.000000 1.166225 0.834885 0.550425 0.000000 1.276649 0.000000 0.000000 1.000000 0.000000
0.498550 -0.866861 0.000000 1.223247 0.866861 0.498550 0.000000 1.369590 0.000000 0.000000 1.000000 0.000000
0.547795 -0.836613 0.000000 1.249877 0.836613 0.547795 0.000000 1.415062 0.000000 0.000000 1.000000 0.000000
0.779901 -0.625903 0.000000 1.249684 0.625903 0.779901 0.000000 1.414865 0.000000 0.000000 1.000000 0.000000
0.956082 -0.293100 0.000000 1.249607 0.293100 0.956082 0.000000 1.414809 0.000000 0.000000 1.000000 0.000000
0.999075 -0.043003 0.000000 1.249319 0.043003 0.999075 0.000000 1.414752 0.000000 0.000000 1.000000 0.000000
0.996637 0.081939 0.000000 1.249317 -0.081939 0.996637 -0.000000 1.414751 -0.000000 0.000000 1.000000 0.000000
0.996637 0.081939 0.000000 1.249317 -0.081939 0.996637 -0.000000 1.414751 -0.000000 0.000000 1.000000 0.000000
0.996652 0.081765 0.000000 1.249317 -0.081765 0.996652 -0.000000 1.414751 -0.000000 0.000000 1.000000 0.000000
0.996637 0.081939 0.000000 1.249317 -0.081939 0.996637 -0.000000 1.414751 -0.000000 0.000000 1.000000 0.000000
0.996619 0.082163 0.000000 1.249317 -0.082163 0.996619 -0.000000 1.414751 -0.000000 0.000000 1.000000 0.000000
0.996657 0.081706 0.000000 1.249317 -0.081706 0.996657 -0.000000 1.414751 -0.000000 0.000000 1.000000 0.000000
0.996703 0.081139 0.000000 1.249317 -0.081139 0.996703 -0.000000 1.414751 -0.000000 0.000000 1.000000 0.000000
0.996807 0.079851 0.000000 1.249317 -0.079851 0.996807 -0.000000 1.414751 -0.000000 0.000000 1.000000 0.000000
0.996904 0.078633 0.000000 1.249317 -0.078633 0.996904 -0.000000 1.414751 -0.000000 0.000000 1.000000 0.000000
0.997012 0.077241 0.000000 1.249317 -0.077241 0.997012 -0.000000 1.414751 -0.000000 0.000000 1.000000 0.000000
0.997026 0.077067 0.000000 1.249317 -0.077067 0.997026 -0.000000 1.414751 -0.000000 0.000000 1.000000 0.000000
0.997101 0.076090 0.000000 1.249317 -0.076090 0.997101 -0.000000 1.414751 -0.000000 0.000000 1.000000 0.000000
0.997159 0.075324 0.000000 1.249317 -0.075324 0.997159 -0.000000 1.414751 -0.000000 0.000000 1.000000 0.000000
0.997263 0.073934 0.000000 1.249317 -0.073934 0.997263 -0.000000 1.414751 -0.000000 0.000000 1.000000 0.000000
0.997302 0.073412 0.000000 1.249317 -0.073412 0.997302 -0.000000 1.414751 -0.000000 0.000000 1.000000 0.000000
0.997352 0.072720 0.000000 1.249317 -0.072720 0.997352 -0.000000 1.414751 -0.000000 0.000000 1.000000 0.000000
0.999009 -0.044505 0.000000 1.314281 0.044505 0.999009 0.000000 1.412377 0.000000 0.000000 1.000000 0.000000
0.895774 -0.444510 0.000000 1.440587 0.444510 0.895774 0.000000 1.442377 0.000000 0.000000 1.000000 0.000000
0.472501 -0.881330 0.000000 1.555621 0.881330 0.472501 0.000000 1.553769 0.000000 0.000000 1.000000 0.000000
0.079935 -0.996800 0.000000 1.596433 0.996800 0.079935 0.000000 1.746855 0.000000 0.000000 1.000000 0.000000
0.377901 -0.925846 0.000000 1.622703 0.925846 0.377901 0.000000 1.844280 0.000000 0.000000 1.000000 0.000000
0.691111 -0.722749 0.000000 1.722572 0.722749 0.691111 0.000000 1.991099 0.000000 0.000000 1.000000 0.000000
0.804386 -0.594107 0.000000 1.812410 0.594107 0.804386 0.000000 2.075539 0.000000 0.000000 1.000000 0.000000
0.855834 -0.517250 0.000000 1.890221 0.517250 0.855834 0.000000 2.125328 0.000000 0.000000 1.000000 0.000000
0.904122 -0.427274 0.000000 1.893699 0.427274 0.904122 0.000000 2.127461 0.000000 0.000000 1.000000 0.000000
0.970197 -0.242318 0.000000 1.892934 0.242318 0.970197 0.000000 2.127215 0.000000 0.000000 1.000000 0.000000
0.999310 -0.037128 0.000000 1.892120 0.037128 0.999310 0.000000 2.127088 0.000000 0.000000 1.000000 0.000000
1.000000 0.000888 0.000000 1.892049 -0.000888 1.000000 -0.000000 2.127087 -0.000000 0.000000 1.000000 0.000000
1.000000 -0.000912 0.000000 1.892007 0.000912 1.000000 0.000000 2.127087 0.000000 0.000000 1.000000 0.000000
0.999999 -0.001401 0.000000 1.892007 0.001401 0.999999 0.000000 2.127087 0.000000 0.000000 1.000000 0.000000
0.999999 -0.001652 0.000000 1.892007 0.001652 0.999999 0.000000 2.127087 0.000000 0.000000 1.000000 0.000000
0.999997 -0.002353 0.000000 1.892007 0.002353 0.999997 0.000000 2.127087 0.000000 0.000000 1.000000 0.000000
0.999996 -0.002967 0.000000 1.892007 0.002967 0.999996 0.000000 2.127087 0.000000 0.000000 1.000000 0.000000
0.999991 -0.004177 0.000000 1.892007 0.004177 0.999991 0.000000 2.127087 0.000000 0.000000 1.000000 0.000000
0.999985 -0.005410 0.000000 1.892007 0.005410 0.999985 0.000000 2.127087 0.000000 0.000000 1.000000 0.000000
0.999979 -0.006440 0.000000 1.892007 0.006440 0.999979 0.000000 2.127087 0.000000 0.000000 1.000000 0.000000
0.999978 -0.006579 0.000000 1.892007 0.006579 0.999978 0.000000 2.127087 0.000000 0.000000 1.000000 0.000000
0.999970 -0.007760 0.000000 1.892007 0.007760 0.999970 0.000000 2.127087 0.000000 0.000000 1.000000 0.000000
0.999967 -0.008067 0.000000 1.892007 0.008067 0.999967 0.000000 2.127087 0.000000 0.000000 1.000000 0.000000
0.999957 -0.009250 0.000000 1.892007 0.009250 0.999957 0.000000 2.127087 0.000000 0.000000 1.000000 0.000000
0.999946 -0.010390 0.000000 1.892007 0.010390 0.999946 0.000000 2.127087 0.000000 0.000000 1.000000 0.000000
0.999930 -0.011868 0.000000 1.892007 0.011868 0.999930 0.000000 2.127087 0.000000 0.000000 1.000000 0.000000
0.999929 -0.011916 0.000000 1.892007 0.011916 0.999929 0.000000 2.127087 0.000000 0.000000 1.000000 0.000000
0.999921 -0.012566 0.000000 1.892007 0.012566 0.999921 0.000000 2.127087 0.000000 0.000000 1.000000 0.000000
0.999909 -0.013520 0.000000 1.892007 0.013520 0.999909 0.000000 2.127087 0.000000 0.000000 1.000000 0.000000
0.999891 -0.014794 0.000000 1.892007 0.014794 0.999891 0.000000 2.127087 0.000000 0.000000 1.000000 0.000000
0.992238 -0.124352 0.000000 1.892648 0.124352 0.992238 0.000000 2.127117 0.000000 0.000000 1.000000 0.000000
0.905551 -0.424238 0.000000 1.903924 0.424238 0.905551 0.000000 2.131653 0.000000 0.000000 1.000000 0.000000
0.621587 -0.783345 0.000000 1.965591 0.783345 0.621587 0.000000 2.182570 0.000000 0.000000 1.000000 0.000000
0.090215 -0.995922 0.000000 2.019127 0.995922 0.090215 0.000000 2.325330 0.000000 0.000000 1.000000 0.000000
-0.105747 -0.994393 0.000000 2.014736 0.994393 -0.105747 0.000000 2.523202 0.000000 0.000000 1.000000 0.000000
-0.205598 -0.978637 0.000000 1.975827 0.978637 -0.205598 0.000000 2.777419 0.000000 0.000000 1.000000 0.000000
-0.221075 -0.975257 0.000000 1.940178 0.975257 -0.221075 0.000000 2.937481 0.000000 0.000000 1.000000 0.000000
-0.195850 -0.980634 0.000000 1.919375 0.980634 -0.195850 0.000000 3.034244 0.000000 0.000000 1.000000 0.000000
-0.119269 -0.992862 0.000000 1.914853 0.992862 -0.119269 0.000000 3.058419 0.000000 0.000000 1.000000 0.000000
0.176664 -0.984271 0.000000 1.914842 0.984271 0.176664 0.000000 3.057058 0.000000 0.000000 1.000000 0.000000
0.663918 -0.747806 0.000000 1.914226 0.747806 0.663918 0.000000 3.055614 0.000000 0.000000 1.000000 0.000000
0.898585 -0.438799 0.000000 1.913092 0.438799 0.898585 0.000000 3.054805 0.000000 0.000000 1.000000 0.000000
0.982685 -0.185283 0.000000 1.911858 0.185283 0.982685 0.000000 3.054362 0.000000 0.000000 1.000000 0.000000
0.993744 -0.111686 0.000000 1.911520 0.111686 0.993744 0.000000 3.054313 0.000000 0.000000 1.000000 0.000000
0.993722 -0.111881 0.000000 1.911520 0.111881 0.993722 0.000000 3.054313 0.000000 0.000000 1.000000 0.000000
0.993595 -0.112999 0.000000 1.911520 0.112999 0.993595 0.000000 3.054313 0.000000 0.000000 1.000000 0.000000
0.997818 -0.066029 0.000000 1.910895 0.066029 0.997818 0.000000 3.054250 0.000000 0.000000 1.000000 0.000000
0.967235 0.253883 0.000000 1.909642 -0.253883 0.967235 -0.000000 3.054328 -0.000000 0.000000 1.000000 0.000000
0.742528 0.669815 0.000000 1.909182 -0.669815 0.742528 -0.000000 3.054577 -0.000000 0.000000 1.000000 0.000000
0.458651 0.888617 0.000000 1.909617 -0.888617 0.458651 -0.000000 3.053954 -0.000000 0.000000 1.000000 0.000000
0.112271 0.993678 0.000000 1.909761 -0.993678 0.112271 -0.000000 3.053357 -0.000000 0.000000 1.000000 0.000000
-0.299276 0.954167 0.000000 1.909721 -0.954167 -0.299276 -0.000000 3.052909 -0.000000 0.000000 1.000000 0.000000
-0.903827 0.427898 0.000000 1.909209 -0.427898 -0.903827 -0.000000 3.052182 -0.000000 0.000000 1.000000 0.000000
-0.910628 -0.413227 0.000000 1.863317 0.413227 -0.910628 0.000000 3.061395 0.000000 0.000000 1.000000 0.000000
-0.253411 -0.967359 0.000000 1.783324 0.967359 -0.253411 0.000000 3.168586 0.000000 0.000000 1.000000 0.000000
0.152015 -0.988378 0.000000 1.784047 0.988378 0.152015 0.000000 3.393658 0.000000 0.000000 1.000000 0.000000
0.300426 -0.953805 0.000000 1.838409 0.953805 0.300426 0.000000 3.633881 0.000000 0.000000 1.000000 0.000000
0.314201 -0.949356 0.000000 1.900933 0.949356 0.314201 0.000000 3.819100 0.000000 0.000000 1.000000 0.000000
0.229914 -0.973211 0.000000 1.935048 0.973211 0.229914 0.000000 3.937619 0.000000 0.000000 1.000000 0.000000
0.230570 -0.973056 0.000000 1.945523 0.973056 0.230570 0.000000 3.985702 0.000000 0.000000 1.000000 0.000000
0.503655 -0.863905 0.000000 1.945739 0.863905 0.503655 0.000000 3.986316 0.000000 0.000000 1.000000 0.000000
0.801765 -0.597639 0.000000 1.945722 0.597639 0.801765 0.000000 3.986339 0.000000 0.000000 1.000000 0.000000
0.926313 -0.376755 0.000000 1.944728 0.376755 0.926313 0.000000 3.985788 0.000000 0.000000 1.000000 0.000000
0.977388 -0.211456 0.000000 1.944276 0.211456 0.977388 0.000000 3.985665 0.000000 0.000000 1.000000 0.000000
0.977257 -0.212058 0.000000 1.944276 0.212058 0.977257 0.000000 3.985665 0.000000 0.000000 1.000000 0.000000
0.977180 -0.212411 0.000000 1.944276 0.212411 0.977180 0.000000 3.985665 0.000000 0.000000 1.000000 0.000000
0.977004 -0.213221 0.000000 1.944276 0.213221 0.977004 0.000000 3.985665 0.000000 0.000000 1.000000 0.000000
0.976822 -0.214053 0.000000 1.944276 0.214053 0.976822 0.000000 3.985665 0.000000 0.000000 1.000000 0.000000
0.976688 -0.214664 0.000000 1.944276 0.214664 0.976688 0.000000 3.985665 0.000000 0.000000 1.000000 0.000000
0.976334 -0.216269 0.000000 1.944276 0.216269 0.976334 0.000000 3.985665 0.000000 0.000000 1.000000 0.000000
0.976449 -0.215749 0.000000 1.944276 0.215749 0.976449 0.000000 3.985665 0.000000 0.000000 1.000000 0.000000
0.976416 -0.215896 0.000000 1.944276 0.215896 0.976416 0.000000 3.985665 0.000000 0.000000 1.000000 0.000000
0.976335 -0.216265 0.000000 1.944276 0.216265 0.976335 0.000000 3.985665 0.000000 0.000000 1.000000 0.000000
0.976205 -0.216851 0.000000 1.944276 0.216851 0.976205 0.000000 3.985665 0.000000 0.000000 1.000000 0.000000
0.976118 -0.217242 0.000000 1.944276 0.217242 0.976118 0.000000 3.985665 0.000000 0.000000 1.000000 0.000000
0.976019 -0.217685 0.000000 1.944276 0.217685 0.976019 0.000000 3.985665 0.000000 0.000000 1.000000 0.000000
0.975975 -0.217880 0.000000 1.944276 0.217880 0.975975 0.000000 3.985665 0.000000 0.000000 1.000000 0.000000
0.975825 -0.218555 0.000000 1.944276 0.218555 0.975825 0.000000 3.985665 0.000000 0.000000 1.000000 0.000000
0.975544 -0.219804 0.000000 1.944276 0.219804 0.975544 0.000000 3.985665 0.000000 0.000000 1.000000 0.000000
0.975434 -0.220293 0.000000 1.944276 0.220293 0.975434 0.000000 3.985665 0.000000 0.000000 1.000000 0.000000
0.975183 -0.221399 0.000000 1.944276 0.221399 0.975183 0.000000 3.985665 0.000000 0.000000 1.000000 0.000000
0.975040 -0.222029 0.000000 1.944276 0.222029 0.975040 0.000000 3.985665 0.000000 0.000000 1.000000 0.000000
0.974929 -0.222518 0.000000 1.944276 0.222518 0.974929 0.000000 3.985665 0.000000 0.000000 1.000000 0.000000
0.974654 -0.223719 0.000000 1.944276 0.223719 0.974654 0.000000 3.985665 0.000000 0.000000 1.000000 0.000000
0.974560 -0.224126 0.000000 1.944276 0.224126 0.974560 0.000000 3.985665 0.000000 0.000000 1.000000 0.000000
0.956117 -0.292984 0.000000 1.944815 0.292984 0.956117 0.000000 3.985798 0.000000 0.000000 1.000000 0.000000
0.840715 -0.541478 0.000000 1.946063 0.541478 0.840715 0.000000 3.986334 0.000000 0.000000 1.000000 0.000000
0.502875 -0.864359 0.000000 1.978056 0.864359 0.502875 0.000000 4.024552 0.000000 0.000000 1.000000 0.000000
0.058425 -0.998292 0.000000 2.012336 0.998292 0.058425 0.000000 4.153161 0.000000 0.000000 1.000000 0.000000
-0.110523 -0.993874 0.000000 2.000149 0.993874 -0.110523 0.000000 4.375545 0.000000 0.000000 1.000000 0.000000
-0.179981 -0.983670 0.000000 1.962823 0.983670 -0.179981 0.000000 4.631651 0.000000 0.000000 1.000000 0.000000
-0.212782 -0.977100 0.000000 1.929654 0.977100 -0.212782 0.000000 4.798528 0.000000 0.000000 1.000000 0.000000
-0.226711 -0.973962 0.000000 1.906507 0.973962 -0.226711 0.000000 4.900717 0.000000 0.000000 1.000000 0.000000
-0.154356 -0.988015 0.000000 1.900256 0.988015 -0.154356 0.000000 4.927170 0.000000 0.000000 1.000000 0.000000
0.228389 -0.973570 0.000000 1.900287 0.973570 0.228389 0.000000 4.927147 0.000000 0.000000 1.000000 0.000000
0.665517 -0.746383 0.000000 1.899745 0.746383 0.665517 0.000000 4.926082 0.000000 0.000000 1.000000 0.000000
0.841160 -0.540787 0.000000 1.899120 0.540787 0.841160 0.000000 4.925575 0.000000 0.000000 1.000000 0.000000
0.942350 -0.334629 0.000000 1.898951 0.334629 0.942350 0.000000 4.925522 0.000000 0.000000 1.000000 0.000000
0.942263 -0.334875 0.000000 1.898951 0.334875 0.942263 0.000000 4.925522 0.000000 0.000000 1.000000 0.000000
0.942084 -0.335377 0.000000 1.898951 0.335377 0.942084 0.000000 4.925522 0.000000 0.000000 1.000000 0.000000
0.941986 -0.335652 0.000000 1.898911 0.335652 0.941986 0.000000 4.925508 0.000000 0.000000 1.000000 0.000000
0.977648 -0.210250 0.000000 1.897957 0.210250 0.977648 0.000000 4.925219 0.000000 0.000000 1.000000 0.000000
0.995027 0.099609 0.000000 1.897010 -0.099609 0.995027 -0.000000 4.925187 -0.000000 0.000000 1.000000 0.000000
0.815882 0.578219 0.000000 1.896574 -0.578219 0.815882 -0.000000 4.925385 -0.000000 0.000000 1.000000 0.000000
0.351996 0.936001 0.000000 1.895862 -0.936001 0.351996 -0.000000 4.926215 -0.000000 0.000000 1.000000 0.000000
-0.025259 0.999681 0.000000 1.895876 -0.999681 -0.025259 -0.000000 4.926342 -0.000000 0.000000 1.000000 0.000000
-0.379981 0.924994 0.000000 1.895845 -0.924994 -0.379981 -0.000000 4.926045 -0.000000 0.000000 1.000000 0.000000
-0.801540 0.597941 0.000000 1.886201 -0.597941 -0.801540 -0.000000 4.917579 -0.000000 0.000000 1.000000 0.000000
-0.967554 -0.252666 0.000000 1.801669 0.252666 -0.967554 0.000000 4.900607 0.000000 0.000000 1.000000 0.000000
-0.382210 -0.924076 0.000000 1.688855 0.924076 -0.382210 0.000000 5.010378 0.000000 0.000000 1.000000 0.000000
0.053194 -0.998584 0.000000 1.658942 0.998584 0.053194 0.000000 5.276707 0.000000 0.000000 1.000000 0.000000
0.145166 -0.989407 0.000000 1.688216 0.989407 0.145166 0.000000 5.561406 0.000000 0.000000 1.000000 0.000000
0.229636 -0.973276 0.000000 1.720415 0.973276 0.229636 0.000000 5.733943 0.000000 0.000000 1.000000 0.000000
0.355101 -0.934828 0.000000 1.747006 0.934828 0.355101 0.000000 5.834890 0.000000 0.000000 1.000000 0.000000
0.586528 -0.809929 0.000000 1.753714 0.809929 0.586528 0.000000 5.848011 0.000000 0.000000 1.000000 0.000000
0.701676 -0.712496 0.000000 1.757288 0.712496 0.701676 0.000000 5.852062 0.000000 0.000000 1.000000 0.000000
0.838652 -0.544668 0.000000 1.758346 0.544668 0.838652 0.000000 5.852935 0.000000 0.000000 1.000000 0.000000
0.956382 -0.292119 0.000000 1.759368 0.292119 0.956382 0.000000 5.853459 0.000000 0.000000 1.000000 0.000000
0.980398 0.197029 0.000000 1.760219 -0.197029 0.980398 -0.000000 5.853605 -0.000000 0.000000 1.000000 0.000000
0.715209 0.698910 0.000000 1.761237 -0.698910 0.715209 -0.000000 5.852977 -0.000000 0.000000 1.000000 0.000000
0.427827 0.903860 0.000000 1.762032 -0.903860 0.427827 -0.000000 5.851814 -0.000000 0.000000 1.000000 0.000000
-0.143099 0.989708 0.000000 1.762306 -0.989708 -0.143099 -0.000000 5.850757 -0.000000 0.000000 1.000000 0.000000
-0.819807 0.572640 0.000000 1.762106 -0.572640 -0.819807 -0.000000 5.850295 -0.000000 0.000000 1.000000 0.000000
-0.976886 -0.213760 0.000000 1.761733 0.213760 -0.976886 0.000000 5.850056 0.000000 0.000000 1.000000 0.000000
-0.482964 -0.875640 0.000000 1.761850 0.875640 -0.482964 0.000000 5.849884 0.000000 0.000000 1.000000 0.000000
0.387761 -0.921760 0.000000 1.761798 0.921760 0.387761 0.000000 5.849422 0.000000 0.000000 1.000000 0.000000
0.774174 -0.632972 0.000000 1.761751 0.632972 0.774174 0.000000 5.849351 0.000000 0.000000 1.000000 0.000000
0.972275 -0.233842 0.000000 1.761906 0.233842 0.972275 0.000000 5.849397 0.000000 0.000000 1.000000 0.000000
0.859154 0.511717 0.000000 1.762031 -0.511717 0.859154 -0.000000 5.849363 -0.000000 0.000000 1.000000 0.000000
0.478661 0.878000 0.000000 1.762377 -0.878000 0.478661 -0.000000 5.848982 -0.000000 0.000000 1.000000 0.000000
-0.248591 0.968608 0.000000 1.762482 -0.968608 -0.248591 -0.000000 5.848532 -0.000000 0.000000 1.000000 0.000000
-0.920561 0.390599 0.000000 1.762476 -0.390599 -0.920561 -0.000000 5.848330 -0.000000 0.000000 1.000000 0.000000
-0.954642 -0.297756 0.000000 1.762467 0.297756 -0.954642 0.000000 5.848399 0.000000 0.000000 1.000000 0.000000
-0.938102 0.346359 0.000000 1.761129 -0.346359 -0.938102 -0.000000 5.848495 -0.000000 0.000000 1.000000 0.000000
-0.456776 0.889582 0.000000 1.760124 -0.889582 -0.456776 -0.000000 5.847566 -0.000000 0.000000 1.000000 0.000000
0.300704 0.953717 0.000000 1.759895 -0.953717 0.300704 -0.000000 5.846324 -0.000000 0.000000 1.000000 0.000000
0.905044 0.425317 0.000000 1.760385 -0.425317 0.905044 -0.000000 5.845726 -0.000000 0.000000 1.000000 0.000000
0.916389 -0.400289 0.000000 1.760667 0.400289 0.916389 0.000000 5.845672 0.000000 0.000000 1.000000 0.000000
0.284712 -0.958613 0.000000 1.760585 0.958613 0.284712 0.000000 5.845505 0.000000 0.000000 1.000000 0.000000
-0.598992 -0.800755 0.000000 1.760625 0.800755 -0.598992 0.000000 5.845407 0.000000 0.000000 1.000000 0.000000
-0.999697 -0.024607 0.000000 1.760147 0.024607 -0.999697 0.000000 5.845473 0.000000 0.000000 1.000000 0.000000
-0.991050 -0.133494 0.000000 1.746169 0.133494 -0.991050 0.000000 5.844978 0.000000 0.000000 1.000000 0.000000
-0.818474 -0.574544 0.000000 1.746820 0.574544 -0.818474 0.000000 5.844724 0.000000 0.000000 1.000000 0.000000
-0.543235 -0.839581 0.000000 1.747254 0.839581 -0.543235 0.000000 5.844229 0.000000 0.000000 1.000000 0.000000
-0.166148 -0.986101 0.000000 1.741268 0.986101 -0.166148 0.000000 5.865161 0.000000 0.000000 1.000000 0.000000
0.439315 -0.898333 0.000000 1.742093 0.898333 0.439315 0.000000 5.871342 0.000000 0.000000 1.000000 0.000000
0.698668 -0.715446 0.000000 1.745236 0.715446 0.698668 0.000000 5.875779 0.000000 0.000000 1.000000 0.000000
0.864450 -0.502718 0.000000 1.748627 0.502718 0.864450 0.000000 5.878454 0.000000 0.000000 1.000000 0.000000
0.864363 -0.502869 0.000000 1.748627 0.502869 0.864363 0.000000 5.878454 0.000000 0.000000 1.000000 0.000000
0.864363 -0.502869 0.000000 1.748627 0.502869 0.864363 0.000000 5.878454 0.000000 0.000000 1.000000 0.000000
0.864363 -0.502869 0.000000 1.748627 0.502869 0.864363 0.000000 5.878454 0.000000 0.000000 1.000000 0.000000
0.864363 -0.502869 0.000000 1.748627 0.502869 0.864363 0.000000 5.878454 0.000000 0.000000 1.000000 0.000000
0.864363 -0.502869 0.000000 1.748627 0.502869 0.864363 0.000000 5.878454 0.000000 0.000000 1.000000 0.000000
0.864363 -0.502869 0.000000 1.748627 0.502869 0.864363 0.000000 5.878454 0.000000 0.000000 1.000000 0.000000
0.864363 -0.502869 0.000000 1.748627 0.502869 0.864363 0.000000 5.878454 0.000000 0.000000 1.000000 0.000000
0.864363 -0.502869 0.000000 1.748627 0.502869 0.864363 0.000000 5.878454 0.000000 0.000000 1.000000 0.000000
0.864363 -0.502869 0.000000 1.748627 0.502869 0.864363 0.000000 5.878454 0.000000 0.000000 1.000000 0.000000
0.864044 -0.503417 0.000000 1.748627 0.503417 0.864044 0.000000 5.878454 0.000000 0.000000 1.000000 0.000000
0.864055 -0.503397 0.000000 1.748627 0.503397 0.864055 0.000000 5.878454 0.000000 0.000000 1.000000 0.000000
0.864099 -0.503322 0.000000 1.748627 0.503322 0.864099 0.000000 5.878454 0.000000 0.000000 1.000000 0.000000
0.864099 -0.503322 0.000000 1.748627 0.503322 0.864099 0.000000 5.878454 0.000000 0.000000 1.000000 0.000000
0.864099 -0.503322 0.000000 1.748627 0.503322 0.864099 0.000000 5.878454 0.000000 0.000000 1.000000 0.000000
0.864011 -0.503472 0.000000 1.748627 0.503472 0.864011 0.000000 5.878454 0.000000 0.000000 1.000000 0.000000
0.864011 -0.503472 0.000000 1.748627 0.503472 0.864011 0.000000 5.878454 0.000000 0.000000 1.000000 0.000000
0.864011 -0.503472 0.000000 1.748627 0.503472 0.864011 0.000000 5.878454 0.000000 0.000000 1.000000 0.000000
0.864011 -0.503472 0.000000 1.748627 0.503472 0.864011 0.000000 5.878454 0.000000 0.000000 1.000000 0.000000
0.864172 -0.503196 0.000000 1.748627 0.503196 0.864172 0.000000 5.878454 0.000000 0.000000 1.000000 0.000000
0.864011 -0.503472 0.000000 1.748627 0.503472 0.864011 0.000000 5.878454 0.000000 0.000000 1.000000 0.000000
0.864011 -0.503472 0.000000 1.748627 0.503472 0.864011 0.000000 5.878454 0.000000 0.000000 1.000000 0.000000
0.864011 -0.503472 0.000000 1.748627 0.503472 0.864011 0.000000 5.878454 0.000000 0.000000 1.000000 0.000000
0.863923 -0.503623 0.000000 1.748627 0.503623 0.863923 0.000000 5.878454 0.000000 0.000000 1.000000 0.000000
0.863923 -0.503623 0.000000 1.748627 0.503623 0.863923 0.000000 5.878454 0.000000 0.000000 1.000000 0.000000
0.871725 -0.489996 0.000000 1.748443 0.489996 0.871725 0.000000 5.878346 0.000000 0.000000 1.000000 0.000000
0.980679 -0.195626 0.000000 1.748260 0.195626 0.980679 0.000000 5.878341 0.000000 0.000000 1.000000 0.000000
0.922196 0.386724 0.000000 1.747663 -0.386724 0.922196 -0.000000 5.878424 -0.000000 0.000000 1.000000 0.000000
0.410742 0.911752 0.000000 1.787448 -0.911752 0.410742 -0.000000 5.831609 -0.000000 0.000000 1.000000 0.000000
-0.171505 0.985183 0.000000 1.796058 -0.985183 -0.171505 -0.000000 5.750199 -0.000000 0.000000 1.000000 0.000000
-0.596725 0.802446 0.000000 1.771240 -0.802446 -0.596725 -0.000000 5.688717 -0.000000 0.000000 1.000000 0.000000
-0.971420 0.237368 0.000000 1.636422 -0.237368 -0.971420 -0.000000 5.614228 -0.000000 0.000000 1.000000 0.000000
-0.998919 -0.046483 0.000000 1.374910 0.046483 -0.998919 0.000000 5.600248 0.000000 0.000000 1.000000 0.000000
-0.994126 -0.108231 0.000000 1.072008 0.108231 -0.994126 0.000000 5.623806 0.000000 0.000000 1.000000 0.000000
-0.989397 -0.145237 0.000000 0.869245 0.145237 -0.989397 0.000000 5.648631 0.000000 0.000000 1.000000 0.000000
-0.983822 -0.179150 0.000000 0.746763 0.179150 -0.983822 0.000000 5.668807 0.000000 0.000000 1.000000 0.000000
-0.973025 -0.230699 0.000000 0.696551 0.230699 -0.973025 0.000000 5.678238 0.000000 0.000000 1.000000 0.000000
-0.831054 -0.556191 0.000000 0.696909 0.556191 -0.831054 0.000000 5.678094 0.000000 0.000000 1.000000 0.000000
-0.360373 -0.932808 0.000000 0.697712 0.932808 -0.360373 0.000000 5.677119 0.000000 0.000000 1.000000 0.000000
0.263401 -0.964687 0.000000 0.697788 0.964687 0.263401 0.000000 5.675389 0.000000 0.000000 1.000000 0.000000
0.552166 -0.833734 0.000000 0.697327 0.833734 0.552166 0.000000 5.674431 0.000000 0.000000 1.000000 0.000000
0.723449 -0.690378 0.000000 0.696826 0.690378 0.723449 0.000000 5.673851 0.000000 0.000000 1.000000 0.000000
0.723503 -0.690322 0.000000 0.696826 0.690322 0.723503 0.000000 5.673851 0.000000 0.000000 1.000000 0.000000
0.723644 -0.690173 0.000000 0.696826 0.690173 0.723644 0.000000 5.673851 0.000000 0.000000 1.000000 0.000000
0.723449 -0.690378 0.000000 0.696826 0.690378 0.723449 0.000000 5.673851 0.000000 0.000000 1.000000 0.000000
0.723811 -0.689999 0.000000 0.696826 0.689999 0.723811 0.000000 5.673851 0.000000 0.000000 1.000000 0.000000
0.723646 -0.690172 0.000000 0.696826 0.690172 0.723646 0.000000 5.673851 0.000000 0.000000 1.000000 0.000000
0.839271 -0.543713 0.000000 0.696309 0.543713 0.839271 0.000000 5.673453 0.000000 0.000000 1.000000 0.000000
0.974986 -0.222265 0.000000 0.695123 0.222265 0.974986 0.000000 5.672953 0.000000 0.000000 1.000000 0.000000
0.998545 0.053922 0.000000 0.694779 -0.053922 0.998545 -0.000000 5.672919 -0.000000 0.000000 1.000000 0.000000
0.896609 0.442824 0.000000 0.696286 -0.442824 0.896609 -0.000000 5.672164 -0.000000 0.000000 1.000000 0.000000
0.335235 0.942134 0.000000 0.743997 -0.942134 0.335235 -0.000000 5.614499 -0.000000 0.000000 1.000000 0.000000
-0.496071 0.868282 0.000000 0.725378 -0.868282 -0.496071 -0.000000 5.476639 -0.000000 0.000000 1.000000 0.000000
-0.937033 0.349240 0.000000 0.539577 -0.349240 -0.937033 -0.000000 5.334579 -0.000000 0.000000 1.000000 0.000000
-0.989265 0.146135 0.000000 0.454365 -0.146135 -0.989265 -0.000000 5.308557 -0.000000 0.000000 1.000000 0.000000
-0.982982 -0.183701 0.000000 0.438075 0.183701 -0.982982 0.000000 5.308686 0.000000 0.000000 1.000000 0.000000
-0.933529 -0.358502 0.000000 0.468126 0.358502 -0.933529 0.000000 5.296779 0.000000 0.000000 1.000000 0.000000
-0.856946 -0.515406 0.000000 0.490922 0.515406 -0.856946 0.000000 5.286931 0.000000 0.000000 1.000000 0.000000
-0.837433 -0.546540 0.000000 0.536926 0.546540 -0.837433 0.000000 5.258462 0.000000 0.000000 1.000000 0.000000
-0.905549 -0.424241 0.000000 0.533148 0.424241 -0.905549 0.000000 5.260860 0.000000 0.000000 1.000000 0.000000
-0.975347 -0.220678 0.000000 0.534895 0.220678 -0.975347 0.000000 5.260273 0.000000 0.000000 1.000000 0.000000
-0.975397 -0.220455 0.000000 0.554394 0.220455 -0.975397 0.000000 5.256306 0.000000 0.000000 1.000000 0.000000
-0.958961 -0.283539 0.000000 0.579831 0.283539 -0.958961 0.000000 5.249699 0.000000 0.000000 1.000000 0.000000
-0.927340 -0.374220 0.000000 0.610253 0.374220 -0.927340 0.000000 5.239095 0.000000 0.000000 1.000000 0.000000
-0.889689 -0.456567 0.000000 0.648675 0.456567 -0.889689 0.000000 5.221485 0.000000 0.000000 1.000000 0.000000
-0.880229 -0.474549 0.000000 0.660755 0.474549 -0.880229 0.000000 5.215143 0.000000 0.000000 1.000000 0.000000
-0.880146 -0.474703 0.000000 0.660455 0.474703 -0.880146 0.000000 5.215305 0.000000 0.000000 1.000000 0.000000
-0.880312 -0.474396 0.000000 0.660455 0.474396 -0.880312 0.000000 5.215305 0.000000 0.000000 1.000000 0.000000
-0.880312 -0.474396 0.000000 0.660455 0.474396 -0.880312 0.000000 5.215305 0.000000 0.000000 1.000000 0.000000
-0.880312 -0.474396 0.000000 0.660455 0.474396 -0.880312 0.000000 5.215305 0.000000 0.000000 1.000000 0.000000
-0.880312 -0.474396 0.000000 0.660455 0.474396 -0.880312 0.000000 5.215305 0.000000 0.000000 1.000000 0.000000
-0.880312 -0.474396 0.000000 0.660455 0.474396 -0.880312 0.000000 5.215305 0.000000 0.000000 1.000000 0.000000
-0.880312 -0.474396 0.000000 0.660455 0.474396 -0.880312 0.000000 5.215305 0.000000 0.000000 1.000000 0.000000
-0.880312 -0.474396 0.000000 0.660455 0.474396 -0.880312 0.000000 5.215305 0.000000 0.000000 1.000000 0.000000
-0.880312 -0.474396 0.000000 0.660455 0.474396 -0.880312 0.000000 5.215305 0.000000 0.000000 1.000000 0.000000
-0.880312 -0.474396 0.000000 0.660455 0.474396 -0.880312 0.000000 5.215305 0.000000 0.000000 1.000000 0.000000
-0.880312 -0.474396 0.000000 0.660455 0.474396 -0.880312 0.000000 5.215305 0.000000 0.000000 1.000000 0.000000
-0.880312 -0.474396 0.000000 0.660455 0.474396 -0.880312 0.000000 5.215305 0.000000 0.000000 1.000000 0.000000
-0.880312 -0.474396 0.000000 0.660455 0.474396 -0.880312 0.000000 5.215305 0.000000 0.000000 1.000000 0.000000
-0.880312 -0.474396 0.000000 0.660455 0.474396 -0.880312 0.000000 5.215305 0.000000 0.000000 1.000000 0.000000
-0.880312 -0.474396 0.000000 0.660455 0.474396 -0.880312 0.000000 5.215305 0.000000 0.000000 1.000000 0.000000
-0.880312 -0.474396 0.000000 0.660455 0.474396 -0.880312 0.000000 5.215305 0.000000 0.000000 1.000000 0.000000
-0.880312 -0.474396 0.000000 0.660455 0.474396 -0.880312 0.000000 5.215305 0.000000 0.000000 1.000000 0.000000
-0.880312 -0.474396 0.000000 0.660455 0.474396 -0.880312 0.000000 5.215305 0.000000 0.000000 1.000000 0.000000
-0.880312 -0.474396 0.000000 0.660455 0.474396 -0.880312 0.000000 5.215305 0.000000 0.000000 1.000000 0.000000
-0.880312 -0.474396 0.000000 0.660455 0.474396 -0.880312 0.000000 5.215305 0.000000 0.000000 1.000000 0.000000
-0.880312 -0.474396 0.000000 0.660455 0.474396 -0.880312 0.000000 5.215305 0.000000 0.000000 1.000000 0.000000
-0.880312 -0.474396 0.000000 0.660455 0.474396 -0.880312 0.000000 5.215305 0.000000 0.000000 1.000000 0.000000
-0.880312 -0.474396 0.000000 0.660455 0.474396 -0.880312 0.000000 5.215305 0.000000 0.000000 1.000000 0.000000
-0.880312 -0.474396 0.000000 0.660455 0.474396 -0.880312 0.000000 5.215305 0.000000 0.000000 1.000000 0.000000
-0.880312 -0.474396 0.000000 0.660455 0.474396 -0.880312 0.000000 5.215305 0.000000 0.000000 1.000000 0.000000
-0.880312 -0.474396 0.000000 0.660455 0.474396 -0.880312 0.000000 5.215305 0.000000 0.000000 1.000000 0.000000
-0.880229 -0.474549 0.000000 0.660418 0.474549 -0.880229 0.000000 5.215325 0.000000 0.000000 1.000000 0.000000
-0.880229 -0.474549 0.000000 0.660418 0.474549 -0.880229 0.000000 5.215325 0.000000 0.000000 1.000000 0.000000
-0.880229 -0.474549 0.000000 0.660418 0.474549 -0.880229 0.000000 5.215325 0.000000 0.000000 1.000000 0.000000
-0.880229 -0.474549 0.000000 0.660418 0.474549 -0.880229 0.000000 5.215325 0.000000 0.000000 1.000000 0.000000
-0.880229 -0.474549 0.000000 0.660418 0.474549 -0.880229 0.000000 5.215325 0.000000 0.000000 1.000000 0.000000
